0 0
0 1
3 1
3 0
1.73776412907379 0.577254248593737
1.70225424859374 0.646946313073118
1.64694631307312 0.702254248593737
1.57725424859374 0.737764129073788
1.5 0.75
1.42274575140626 0.737764129073788
1.35305368692688 0.702254248593737
1.29774575140626 0.646946313073118
1.26223587092621 0.577254248593737
1.25 0.5
1.26223587092621 0.422745751406263
1.29774575140626 0.353053686926882
1.35305368692688 0.297745751406263
1.42274575140626 0.262235870926212
1.5 0.25
1.57725424859374 0.262235870926212
1.64694631307312 0.297745751406263
1.70225424859374 0.353053686926882
1.73776412907379 0.422745751406263
1.75 0.5
1.5 1
1.5 0
1.39630040464378 0.210467778494812
1.39630040464378 0.789532221505188
1.60369959535622 0.210467778494812
1.60369959535622 0.789532221505188
1.23357912785345 0.24633845408547
1.23357912785345 0.75366154591453
1.76642087214655 0.24633845408547
1.76642087214655 0.75366154591453
1.31993178436802 0.265169190847
1.19491991083106 0.297451115459483
1.31993178436802 0.734830809153
1.19491991083106 0.702548884540517
1.68006821563198 0.265169190847
1.80508008916894 0.297451115459483
1.68006821563198 0.734830809153
1.80508008916894 0.702548884540517
1.5 0.215121595096231
1.47290000132988 0.151517761684844
1.53894111806251 0.180834661834195
1.95019578905084 0.20304681431413
1.66998044311195 0.171695000888051
1.5776750613851 0.148216349404859
1.50773005168646 0.0879546296919248
1.83999260441594 0.216053627081624
1.72564183851517 0.20794849258482
1.66920249043884 0.233580766259859
1.875 0
2.25 0
1.68129286380266 0.13485325361836
1.59451145774456 0.111403941655142
1.84923247428727 0.154277646803457
3 0.5
1.72074717156453 0.0834714066997843
1.86963382440688 0.185581464541414
1.77126183248135 0.17631434277534
1.97362704752704 0.161660384310958
1.86461382510624 0.247771358612377
1.60851405640486 0.076079107710807
2.25211828543004 0.158155225071881
1.92593570251501 0.130811663484712
2.08665136919755 0.122725183688528
2.06320666595946 0.188725723193074
2.14191134996052 0.158369170727356
2.08286325905429 0.262665305038488
2.30384222770289 0.107893610034431
2.20152170610774 0.125519241622871
1.6875 0
2.04175277633186 0.226619543632572
2.21180930998248 0.0903426009867809
2.03281078322338 0.511046970760496
1.97330703083718 0.25592090723464
2.625 0
2.21604293817895 0.213525408559599
2.1389444064395 0.234930821908856
2.50504324407406 0.395286208491993
2.18718615277166 0.265936776125672
2.21878654427084 0.329401752313759
2.12437974650433 0.302018118496606
2.00918160231276 0.293411971914611
2.02101170317906 0.365786555323529
1.90506435184713 0.283829124457849
2.04571672302532 0.329043146781613
2.13177527466108 0.354766879394774
1.8970588660992 0.337231841556629
2.31017702825064 0.39349997503159
2.23736325939729 0.365747005142547
1.87106617781951 0.465354253875577
2.1292795787918 0.421744718296775
3 0.25
2.1013375930783 0.388134948015021
1.95374494067622 0.419864094860481
2.20752183249197 0.398935894599444
2.28715051284892 0.45560179854838
1.84474475128302 0.412895644331617
1.5 0.784878404903769
1.52709999867012 0.848482238315156
1.46105888193749 0.819165338165805
1.04980421094916 0.79695318568587
1.33001955688805 0.828304999111949
1.4223249386149 0.851783650595141
1.49226994831354 0.912045370308075
1.16000739558406 0.783946372918376
1.27435816148483 0.79205150741518
1.33079750956116 0.766419233740141
1.125 1
0.75 1
1.31870713619734 0.865146746381639
1.40548854225544 0.888596058344857
1.15076752571273 0.845722353196543
0 0.5
1.27925282843547 0.916528593300215
1.13036617559312 0.814418535458585
1.22873816751865 0.823685657224659
1.02637295247296 0.838339615689043
1.13538617489376 0.752228641387623
1.39148594359514 0.923920892289193
0.747881714569943 0.841844774928129
1.07406429748499 0.869188336515287
0.913348630802472 0.877274816311473
0.936793334040538 0.811274276806926
0.858088650039471 0.841630829272646
0.91713674094571 0.73733469496151
0.696157772297121 0.892106389965586
0.798478293892267 0.874480758377138
1.3125 1
0.958247223668136 0.773380456367427
0.78819069001755 0.909657399013229
0.967189216776646 0.488953029239546
1.02669296916282 0.744079092765359
0.375 1
0.783957061821014 0.786474591440399
0.861055593560486 0.765069178091143
0.494956755926091 0.604713791507989
0.812813847228335 0.734063223874324
0.781213455729197 0.67059824768623
0.875620253495675 0.697981881503393
0.990818397687235 0.706588028085388
0.978988296820936 0.63421344467647
1.09493564815286 0.71617087554215
0.954283276974678 0.670956853218386
0.868224725338947 0.645233120605227
1.1029411339008 0.662768158443369
0.689822971749464 0.606500024968407
0.762636740602769 0.634252994857448
1.12893382218016 0.534645746124372
0.870720421208238 0.578255281703255
0 0.75
0.898662406921709 0.611865051984996
1.04625505932363 0.580135905139565
0.792478167508092 0.601064105400569
0.712849487151251 0.544398201451667
1.15525524871691 0.587104355668369
1.27361708470906 0.319646093115737
1.13249843793183 0.348642840513794
0.942423574292276 0.249050742438648
1.27361708470906 0.680353906884263
1.72638291529094 0.319646093115737
1.72638291529094 0.680353906884263
1.86750156206816 0.651357159486206
2.05757642570772 0.750949257561352
1.8003475417261 0.110861323675979
1.82671954400605 0.0476586505946419
1.51763912145724 0.043842808034637
0.75 0
1.68672360617329 0.0425057609329499
1.91580450540675 0.0840015060999779
1.125 0
1.59375 0.0181247637500633
2.0625 0
1.99669996465667 0.105583031699686
2.01431513898768 0.0706099331577736
2.16812593501396 0.0422225714845812
1.3125 0
1.40625 0.0265065648595065
1.21875 0.0685167146309515
1.29468328384521 0.0386761181253935
1.38722308823233 0.070032650257944
1.18256987424119 0.0326324045736897
1.00982098975283 0.0719536869653731
0.9375 0
1.11352406441607 0.0650922727604713
1.14792525996435 0.128983345525632
1.03931661326309 0.0309800715393661
1.08044369486654 0.100045924386695
0.960290282964438 0.154390034630057
0.955031760951561 0.111167480972059
1.04335876857827 0.132866226821887
1.11629184641658 0.192713967122255
1.40028016511304 0.114254473714727
0.914086808636208 0.0426299315604688
0.727796030002556 0.135886060760815
1.3025030377468 0.161920888654745
1.3008878375594 0.0951901463273881
1.20296882680508 0.101304927605147
1.26901160803705 0.128643417886462
0.84375 0
0.796875 0.0363557052016536
0.834252541586541 0.0835569458457077
0.375 0
0.5625 0
0.746013456940021 0.101807636714071
0.725791146714643 0.0678550821007132
0.844348529696697 0.121807086935725
0.592032083888848 0.132326360083182
0.64662729888423 0.0907394299993166
0.522857465450591 0.053786637268666
0.828052806728371 0.167461567360203
1.38119661738267 0.144880837900661
1.40817308377129 0.177177284091823
0.930066842284153 0.201273900605549
0 0.125
1.01739202207464 0.183004415567658
1.03573195846361 0.223068176856925
1.14233475546586 0.227448899590148
1.24394712476327 0.200531654708284
1.13513149055183 0.265245766781477
1.04249267007466 0.306623940147576
0 0.25
1.30856606338007 0.225190535256332
0.795980018033587 0.212218539091879
0.436245297676149 0.0754519306416059
0.533474158196015 0.0913428110487118
2.4375 0
1.89876627152436 0.380578207752294
2.42136522232771 0.336597248318954
2.34169685212636 0.359821806971618
1.72000918883376 0.387899719166572
1.8024097833886 0.365309092276456
1.1996524582739 0.88913867632402
1.17328045599394 0.952341349405357
1.48236087854276 0.956157191965363
2.25 1
1.31327639382671 0.95749423906705
1.08419549459325 0.915998493900021
1.875 1
1.40625 0.981875236249937
0.9375 1
1.00330003534334 0.894416968300312
0.985684861012326 0.929390066842224
0.831874064986114 0.957777428515429
1.6875 1
1.59375 0.973493435140493
1.78125 0.931483285369049
1.70531671615479 0.961323881874607
1.61277691176767 0.929967349742055
1.81743012575881 0.967367595426311
1.99017901024717 0.928046313034628
2.0625 1
1.88647593558393 0.934907727239529
1.85207474003564 0.871016654474368
1.9606833867369 0.969019928460634
1.91955630513347 0.899954075613305
2.03970971703556 0.84560996536994
2.04496823904845 0.888832519027941
1.95664123142173 0.867133773178112
1.88370815358341 0.807286032877745
1.59971983488696 0.885745526285273
2.08591319136378 0.957370068439532
2.27220396999746 0.864113939239175
1.6974969622532 0.838079111345256
1.6991121624406 0.90480985367261
1.79703117319493 0.898695072394855
1.73098839196297 0.871356582113537
2.15625 1
2.203125 0.963644294798344
2.16574745841343 0.916443054154298
2.625 1
2.4375 1
2.25398654305994 0.89819236328592
2.27420885328537 0.93214491789928
2.15565147030327 0.8781929130643
2.40796791611144 0.867673639916754
2.35337270111573 0.909260570000666
2.47714253454919 0.946213362731342
2.17194719327158 0.832538432639849
1.61880338261733 0.855119162099339
1.59182691622871 0.822822715908177
2.06993315771594 0.798726099394452
3 0.875
1.98260797792539 0.816995584432323
1.96426804153633 0.776931823143057
1.8576652445341 0.772551100409862
1.75605287523675 0.799468345291732
1.86486850944821 0.734754233218526
1.95750732992532 0.693376059852421
3 0.75
1.69143393661996 0.77480946474368
2.20401998196626 0.787781460908288
2.56375470232319 0.924548069358413
2.46652584180356 0.908657188951434
0.5625 1
1.10123372847561 0.619421792247718
0.578634777672382 0.66340275168102
0.658303147873723 0.640178193028368
1.27999081116624 0.612100280833428
1.19759021661139 0.634690907723544
1.20721100463442 0.383779367651323
1.06294262828925 0.430215182000018
1.15877696362205 0.415178655698515
1.18343079537181 0.460093707702893
1.05865536435751 0.385727852816933
1.13328721829447 0.495510156130578
0.824207710077229 0.41050489615477
0.951914151038219 0.409137437579145
0.95716279524413 0.449096031659293
0.774517473679832 0.474269792437553
0.877870169267324 0.471380971136418
0.849411443055292 0.521462690603887
0.881965112442844 0.34656714951821
1.00722923393304 0.347639075709139
0.885358124616209 0.381775163739412
0.726712329750988 0.365851742582531
1.79278899536558 0.616220632348677
1.9370573717107 0.56978481799999
1.84122303637792 0.584821344301489
1.8165692046282 0.539906292297107
1.94134463564244 0.614272147183067
1.86671278170562 0.504489843869405
2.17579228992268 0.589495103845233
2.04808584896171 0.590862562420859
2.04283720475578 0.550903968340732
2.22548252631978 0.525730207562549
2.12212983073245 0.528619028863647
2.15058855694487 0.478537309396187
2.11803488755707 0.653432850481781
1.99277076606692 0.652360924290844
2.11464187538371 0.618224836260586
2.2732876702489 0.634148257417464
1.78125 0
2.10623410410027 0.0880695072460234
0.640494733345819 0.0349037225004147
0.608977971298524 0.0632436136050417
0.406554311840949 0.136632281438276
0.372053012212172 0.0407536212815812
0.222982046159578 0.0953429213374804
0.1875 0
0.28125 0.0196353966727487
0.321041953547655 0.0751860328648596
0 0.0625
0.378053976846587 0.103704789953993
0.285514971488064 0.13043866784598
0.313095936796825 0.205058594561463
0.141471966025247 0.135217802629965
0.330875479041418 0.166452087803554
0.511256455838069 0.1917368673992
0.194060974636577 0.179209400296349
0.407164152587054 0.190113943692468
0.439608274482803 0.253171934572159
0.496751169121089 0.122312874991408
0.516570889551269 0.156733122782885
0.647321914671534 0.176485513861889
0.167632348614315 0.236109542240549
0 0.1875
0.74325583011373 0.184365192636949
0.665965812637736 0.220092451579713
0.219351620871836 0.209646642971862
0.281478602486738 0.241984942673704
0.105505366999413 0.203771242538707
0 0.375
0.210175154706368 0.270007697856756
0.338501249767502 0.282197258047563
0 0.3125
0.100472963777507 0.265389982078627
0.139281331706027 0.310045952304534
0 0.15625
0.0857323657931718 0.171875
0.764158486986989 0.277040033507763
0.533469529977708 0.323579647612201
0.0747906847462569 0.34375
0.286279944474933 0.365006018237852
0.189528261328174 0.344436188706267
0.258769367821567 0.311921703184685
0.152381466503111 0.399416871805927
0.39325164618267 0.325259011368924
0.745463935043443 0.242741719367704
0.61025675182186 0.268645374901568
0.459900723018514 0.292321528216954
0.469784223461743 0.384012570341241
0.31020871974673 0.336293915870378
0.385118464344182 0.358694548396848
0.356344970030144 0.397774243396949
0.481155180982772 0.351399059746977
0.604385671792412 0.357772262299289
0.254270603069428 0.397317787034503
0.30288027292086 0.457862579793298
0.209880631722635 0.433718303514479
0.67692001275387 0.315789472352912
0.629007827815984 0.423284047243246
0.304235190700725 0.42530951898217
0.466993646956477 0.440287200853569
0.161036787396513 0.486595726453643
0 0.4375
0.649288140471548 0.389167126867453
0.104176765392643 0.430900669574087
0.0701246519327094 0.465835870642482
0.595465530853443 0.299778229222082
0.68054695736874 0.286410689551441
0.79966587175939 0.316208260399351
0.885934658006404 0.286146362430143
0.984161806807908 0.2794395621007
0.46875 0.0208391045724162
1.12742241887697 0.31813066100394
2.34018885178906 0.0511302673474788
2.52854879345532 0.207157529715686
1.74388206453689 0.461372875703132
1.21875 1
0.893765895899746 0.911930492753973
2.35950526665402 0.965096277499627
2.39102202870122 0.936756386394981
2.59344568815705 0.8633677185625
2.62794698778722 0.95924637871842
2.77701795383932 0.904657078662579
2.8125 1
2.71875 0.980364603327102
2.67895804645147 0.92481396713518
3 0.9375
2.62194602315268 0.896295210046361
2.71448502851064 0.86956133215399
2.68690406319724 0.794941405438494
2.85852803397412 0.864782197369926
2.66912452095496 0.833547912196627
2.48874354416392 0.808263132604294
2.80593902536131 0.820790599702965
2.59283584741198 0.809886056308389
2.56039172550896 0.746828065431183
2.5032488308776 0.87768712500901
2.48342911044838 0.843266877219034
2.35267808533762 0.823514486139867
2.83236765138022 0.763890457757322
3 0.8125
2.25674416989201 0.815634807363621
2.33403418737711 0.779907548415999
2.7806483791237 0.790353357026999
2.7185213975043 0.758015057324883
2.89449463299962 0.796228757459438
3 0.625
2.78982484528466 0.729992302140523
2.66149875021696 0.717802741949735
3 0.6875
2.89952703622068 0.734610017917394
2.86071866828426 0.689954047689229
3 0.84375
2.9142676342016 0.828125
2.23584151300792 0.722959966494794
2.46653046999351 0.67642035239725
2.92520931526283 0.65625
2.71372005555793 0.634993981747922
2.81047173868678 0.655563811285502
2.74123063215511 0.688078296803886
2.8476185335294 0.600583128199648
2.60674835378559 0.674740988631376
2.25453606495928 0.757258280633727
2.38974324814457 0.731354625098443
2.54009927697007 0.707678471787185
2.53021577646831 0.615987429621441
2.68979128021941 0.663706084114473
2.61488153552519 0.641305451553724
2.64365503003247 0.602225756505447
2.51884481886612 0.648600940223772
2.39561432809279 0.642227737761261
2.7457293969751 0.602682212957637
2.69711972760998 0.542137420164659
2.79011936836792 0.566281696542924
2.32307998733727 0.684210527711916
2.37099217227716 0.576715953052053
2.69576480936419 0.574690480949381
2.53300635272792 0.559712798951929
2.83896321319789 0.513404273793867
3 0.5625
2.35071185952445 0.610832873303569
2.89582323466399 0.569099330451127
2.92987534812674 0.534164129562806
2.40453446924891 0.700221770802529
2.31945304259203 0.713589310488786
2.20033412831326 0.683791739588108
2.11406534195624 0.713853637545052
2.01583819317413 0.720560437902765
2.53125 0.979160895427565
1.87257758112302 0.681869338996058
0.659811148210973 0.94886973265255
0.471451206544596 0.79284247028433
1.25611793546311 0.538627124296868
1.05900975041246 0.467543712267769
0.745771776555578 0.509538036965293
0.543918267195133 0.507514073555061
0.647267526593956 0.481681527427115
0.643988728147016 0.518014912246584
0.572459916659199 0.561934889209326
0.539341302751722 0.469592476819719
0.409234543233362 0.490328775652938
0.696466600926596 0.450456313715948
0.395289500735869 0.459815865625659
0.426659006806783 0.542389207009188
0.283505727912118 0.500503250959714
0.458273727409522 0.514859290791536
0.52093973139141 0.536895134035739
0.36291133223958 0.51847323039854
0 0.625
0.272815200834253 0.534230201607931
0.985653284933945 0.536345471362762
1.04402363388221 0.509722822579574
0.959673826233838 0.566894757011383
0.809881157248085 0.551951172731875
1.94099024958752 0.532456287732243
2.2542282234447 0.490461963034818
2.45608173280544 0.492485926444952
2.35273247340656 0.518318472573287
2.35601127185337 0.481985087753464
2.42754008334095 0.438065110790667
2.46065869703467 0.530407523084927
2.59076545689878 0.509671224374812
2.30353339914964 0.549543686430926
2.60471049967529 0.540184134422426
2.57334099331561 0.457610792983592
2.71649427259333 0.499496748814059
2.54172627267084 0.485140709220306
2.4790602686912 0.46310486595944
2.63708866781983 0.481526769604884
3 0.375
2.72718479854194 0.46576979827043
2.01434671506603 0.46365452863718
1.95597636611792 0.490277177420414
2.04032617376612 0.433105242988564
2.19011884275202 0.448048827268166
1.94742347369387 0.0346986113367499
2.05871091299575 0.0368444317330774
2.15625 0
0.256534802708381 0.0509613607055622
0.131224340020389 0.064035197308547
0.0900690913890811 0.100366772139428
0.0689833432350164 0.03125
0.171022767517224 0.0331562221475425
0.54620108512289 0.231624788003814
0.452152477081108 0.219998427913429
0.52977351700679 0.412488104653548
0.940219790760968 0.316767515921481
1.04479990840496 0.254796596415351
2.24773728336167 0.0604555514843446
2.6019341011018 0.0994271677077826
2.36960175845862 0.19565099693566
1.05257652630612 0.96530138866325
0.94128908700432 0.963155568266927
0.84375 1
2.74346519729196 0.94903863929423
2.86877565997972 0.935964802691084
2.90993090861064 0.899633227860276
2.93101665676421 0.96875
2.82897723248349 0.966843777852341
2.45379891488899 0.768375212002881
2.54784752292872 0.780001572088278
2.4702264833277 0.587511895264164
2.05978020920191 0.683232484061952
1.95520009158498 0.745203403587277
0.752262716638377 0.939544448515673
0.398065898898354 0.900572832292266
0.630398241541327 0.804349003064349
0.666072123654052 0.573996285097778
0.593088543835597 0.597137869257347
0.754090857303331 0.574653667126098
0.47598188801864 0.571703912845902
0.309917096318372 0.599421254267385
0.372303751883085 0.571818558319637
0 0.5625
2.33392787634602 0.426003714902235
2.40691145616453 0.402862130742666
2.24590914269672 0.425346332873922
2.52401811200429 0.428296087158668
2.69008290371757 0.400578745721433
2.62769624812414 0.42818144165554
3 0.4375
2.44902520861693 0.0885482334999336
2.2763906229348 0.188903233528872
2.39760734288213 0.146703034707398
2.40722037565247 0.265645183685774
0.550974791383173 0.911451766500102
0.723609377065165 0.811096766471134
0.602392657117836 0.85329696529262
0.59277962434744 0.734354816314221
0.0909042994920278 0.507161707946423
0.189919787523457 0.51745434160458
0.199708272388148 0.57262182146055
0.165737945162715 0.626722325654013
0 0.53125
0.109289958926464 0.546875
0.219346189463393 0.602227190502268
0.273957886476297 0.634272608170981
0.111126248149811 0.5946769079853
0.395573961015855 0.628728138884467
0 0.6875
0.496761608723639 0.640400519002928
0.20136824174566 0.65992784825947
0.415368354212932 0.700281149505093
0.0800818509681689 0.655661425306866
0.481399139234583 0.674167019660236
0.560555384774553 0.699435918492559
0.37126005574406 0.665556215759621
0.128531156266138 0.696311235793045
0.67346365506907 0.687209928471408
0.27533345516331 0.699569958707651
0.762493422240262 0.704240542879311
0.702806872961433 0.735058960245916
0.645915851004197 0.767302007404705
0.539100002284066 0.765208534566053
0.397330300589883 0.749663980000568
0 0.59375
0.577365227372031 0.626794747472282
0 0.71875
0.106443622742633 0.734375
0 0.875
0 0.8125
0.104828135178819 0.78125
0.243708469960165 0.759308734948811
0.344321123084745 0.722455117416987
0.178177954617553 0.84375
0.106560333171913 0.817056518392572
0.214492029278887 0.798568451579028
0.0750398696207367 0.850474586588243
0.160263896121321 0.904465849614541
0.33949369342494 0.788066704381315
0.388294902119306 0.843190898670152
0.398377424324865 0.812236828027335
0.50328844954399 0.831163991300248
0.293916102022868 0.824115682941082
0.49150581215083 0.872745687180366
0.283756350765048 0.86518078679651
0.19362161370759 0.874907853877618
0.268975496074844 0.901227260550981
0.22333031076764 0.935334806352466
0.335189189532009 0.937469085015702
0.1875 1
0.2731744603297 0.971839039357864
0 0.9375
0.11180831566369 0.938058109890305
0.171568460729492 0.966053630910283
0.0636101394383087 0.970574576656314
2.90909570051427 0.492838292096188
2.81008021175236 0.482545658621168
2.80029172753052 0.427378178552841
2.83426205489596 0.373277674390538
3 0.46875
2.89071004105225 0.453125
2.78065381054625 0.397772809516163
2.72604211364495 0.365727391842469
2.88887375179726 0.405323092064233
2.60442603899604 0.371271861072436
3 0.3125
2.50323839125152 0.359599481001
2.79863175842043 0.340072151786548
2.58463164579572 0.299718850511591
2.91991814898268 0.34433857479432
2.51860086076272 0.325832980348496
2.43944461524336 0.300564081507021
2.62873994414 0.334443784230001
2.87146884393857 0.303688764385044
2.32653634493297 0.312790071522336
2.72466654495502 0.300430041305288
2.23750657775306 0.295759457121048
2.29719312703854 0.264941039755942
2.35408414899081 0.232697992595589
2.46089999771156 0.234791465432964
2.60266969942682 0.250336020007021
3 0.40625
2.42263477261266 0.373205252530313
3 0.28125
2.89355637681789 0.265625
3 0.125
3 0.1875
2.89517186481451 0.21875
2.75629152989864 0.240691264925125
2.65567887697253 0.277544882597619
2.82182204538711 0.15625
2.89343966682931 0.182943481607842
2.78550797100123 0.201431548417002
2.92496013038364 0.149525413412816
2.83973610389338 0.0955341503944764
2.6605063061118 0.211933295349601
2.61170509672604 0.156809101242498
2.60162257507005 0.187763171833632
2.49671154969858 0.168836008882041
2.70608389801103 0.17588431678868
2.50849418824521 0.127254313009833
2.71624364872343 0.134819212298524
2.80637838658277 0.125092146135524
2.73102450795264 0.0987727400429737
2.77666968961404 0.0646651949015133
2.66481081410367 0.0625309165002245
2.8125 0
2.72682554120357 0.0281609614771067
3 0.0625
2.88819168439252 0.0619418901467673
2.82843154097794 0.0339463688806712
2.93638986235054 0.0294254237170612
2.35698052568532 0.0819995754492297
2.47513704545066 0.0438131506763346
2.53125 0
2.578125 0.0325696005656835
2.5553032134936 0.0673724542602894
2.31403656566491 0.13714723340818
2.3965512699701 0.114996254423181
0.643019474314772 0.9180004245508
0.524862954549435 0.956186849323679
0.46875 1
0.421875 0.967430399434295
0.444696786506586 0.932627545739728
0.685963434335077 0.862852766591834
0.603448730029916 0.885003745576837
0.485303760206009 0.7281769719851
0.20843827005296 0.726434618025088
2.51469623980177 0.271823028025997
2.7915617294987 0.273565381861001
1.18960652482836 0.164019741587742
1.81039347517164 0.83598025841226
2.34375 0
0.65625 1
0 0.90625
3 0.09375
