147 61 79
14 42 15
62 26 64
42 38 56
17 139 54
54 139 26
55 28 54
10 9 245
142 74 71
32 48 21
11 45 12
216 400 47
28 55 63
31 39 45
316 342 484
42 56 15
94 9 8
94 245 9
51 96 5
7 242 94
27 245 94
13 439 14
20 19 140
19 18 54
54 140 19
242 6 33
22 21 48
32 40 48
51 41 96
31 45 11
18 17 54
29 242 102
15 56 86
445 244 446
99 29 102
244 247 249
29 99 95
5 96 114
501 22 49
4 51 5
260 253 113
113 27 95
11 243 31
139 16 30
42 43 38
87 88 57
20 58 92
49 22 48
23 500 4
115 116 98
46 12 45
151 154 34
39 31 445
87 38 88
40 32 91
52 41 51
59 284 286
118 120 108
43 42 14
68 86 87
440 12 46
469 168 470
46 441 440
183 177 174
243 11 10
46 45 39
221 225 403
220 197 218
38 167 88
169 172 159
20 32 21
49 48 40
287 279 284
270 52 500
130 128 137
500 52 4
52 51 4
105 114 115
49 502 501
397 267 117
267 397 50
115 41 116
55 54 26
54 28 140
62 55 26
141 74 65
88 400 57
87 86 56
64 79 61
92 78 91
28 63 70
49 40 286
30 69 64
65 62 80
77 72 78
77 70 75
26 139 64
141 80 25
80 62 61
68 30 86
83 84 81
145 61 147
156 61 145
61 62 64
79 69 83
140 70 58
55 62 65
79 148 147
69 84 83
63 73 70
68 69 30
79 64 69
74 63 65
70 73 75
318 75 76
75 73 142
59 78 90
65 63 55
74 73 63
73 74 142
74 141 71
75 142 398
75 72 77
321 310 320
72 444 90
72 90 78
70 77 58
91 78 59
58 77 78
60 156 155
150 145 147
141 65 80
84 240 81
25 80 146
149 82 148
67 150 152
84 69 68
147 148 82
57 240 68
84 68 240
442 440 441
400 216 57
30 16 86
15 86 16
38 87 56
57 68 87
167 38 43
212 200 230
180 181 401
173 175 177
318 317 241
309 311 292
91 59 286
92 91 32
20 92 32
78 92 58
95 27 94
115 114 96
7 94 8
95 94 29
94 242 29
93 113 95
50 123 98
93 95 99
243 244 445
437 438 233
102 104 107
104 102 33
99 109 112
263 260 93
403 224 44
27 113 246
104 118 108
495 493 494
102 107 109
108 495 107
105 104 33
109 99 102
105 33 114
496 497 493
108 107 104
112 24 263
107 106 109
118 104 105
120 118 121
111 103 110
112 109 111
111 106 494
106 111 109
112 111 110
24 112 110
112 93 99
33 6 114
244 97 247
5 114 6
41 115 96
98 105 115
53 41 52
289 287 291
132 37 135
128 122 124
98 121 105
98 123 121
253 260 131
120 119 124
118 105 121
137 119 138
116 50 98
119 120 121
127 497 498
124 496 120
493 103 494
121 123 396
306 305 296
124 122 496
136 135 395
125 136 130
267 50 53
135 37 133
137 128 119
303 451 282
119 128 124
130 137 304
132 135 136
122 498 497
364 363 129
130 133 128
304 137 303
269 271 267
131 261 262
325 125 305
395 133 130
116 53 50
116 41 53
122 128 133
296 303 282
138 119 396
397 138 396
280 277 117
16 139 17
64 139 30
70 140 28
20 140 58
71 141 25
66 398 143
398 66 319
148 79 83
142 71 143
66 144 319
156 60 146
156 146 80
150 147 82
83 81 148
149 148 81
81 240 399
154 151 153
153 152 150
155 150 67
82 149 153
151 152 153
153 150 82
153 149 154
149 81 399
149 157 160
61 156 80
150 155 145
155 156 145
172 173 170
160 158 154
162 165 166
34 154 158
214 160 157
164 34 158
149 160 154
205 217 197
166 169 159
166 159 162
163 158 160
164 165 162
158 163 165
165 164 158
206 191 205
184 183 174
166 181 180
176 174 175
179 177 89
470 441 39
194 185 201
177 171 89
170 179 0
180 169 166
169 173 172
175 173 169
170 173 179
174 186 184
175 174 177
175 169 180
176 180 401
187 195 190
189 184 188
177 179 173
189 178 183
177 183 171
0 179 89
166 165 181
175 180 176
165 163 181
163 185 401
187 186 176
188 182 213
171 183 178
186 174 176
188 184 182
214 196 202
190 182 184
176 401 187
184 186 190
195 194 191
192 190 195
402 192 207
161 178 189
184 189 183
161 189 188
186 187 190
185 194 187
191 194 205
182 190 192
204 215 85
188 199 161
212 193 199
192 191 207
196 201 202
201 203 194
194 195 187
191 192 195
197 217 218
196 204 203
211 230 221
207 206 435
411 406 405
402 207 208
192 402 182
208 210 200
202 201 185
203 201 196
185 163 202
163 160 214
215 204 196
203 217 205
85 216 204
47 218 217
203 205 194
206 205 197
218 219 220
220 232 238
206 207 191
208 207 198
210 208 228
200 213 402
232 220 219
423 420 422
228 208 198
221 230 209
221 44 211
193 212 230
188 212 199
210 230 200
200 212 213
188 213 212
214 157 215
163 214 202
214 215 196
215 157 399
216 85 240
47 204 216
203 204 217
47 217 204
219 47 400
47 219 218
233 236 235
197 220 206
232 235 231
227 229 225
221 403 44
230 210 209
447 448 449
225 404 403
404 224 403
221 209 225
227 228 226
225 209 227
234 434 435
231 235 443
228 227 209
229 227 226
210 228 209
228 198 434
234 238 239
404 406 411
193 230 211
468 470 467
231 238 232
437 235 219
237 428 427
219 167 437
438 437 167
433 434 234
234 435 436
219 235 232
442 236 233
469 443 236
235 236 443
446 100 445
432 239 421
239 238 231
238 234 436
405 406 409
239 432 433
216 240 57
240 85 399
319 310 317
292 311 324
6 242 7
102 242 33
10 97 243
243 97 244
97 245 246
254 249 252
246 245 27
10 245 97
113 93 260
97 246 247
253 246 113
255 257 256
409 408 405
251 446 249
252 249 247
249 248 251
247 253 252
254 248 249
250 257 254
446 467 100
247 246 253
252 250 254
258 260 264
250 252 253
262 257 250
256 447 255
248 254 255
254 257 255
420 407 421
419 423 424
262 261 101
256 257 259
253 131 250
131 260 258
257 101 259
257 262 101
131 258 261
250 131 262
112 263 93
264 263 24
265 501 502
263 264 260
274 278 134
289 266 287
280 267 271
270 268 269
53 269 267
283 285 274
273 271 268
270 269 53
271 269 268
52 270 53
270 265 278
274 273 268
273 276 271
327 285 288
280 276 277
268 278 274
272 307 276
283 274 134
273 274 285
315 329 307
294 296 282
272 276 273
276 275 277
277 275 290
277 282 451
270 278 268
278 265 502
279 283 284
285 279 452
267 280 117
276 280 271
456 342 382
358 363 314
294 277 290
294 290 295
284 283 134
285 283 279
286 284 134
287 266 452
285 452 288
273 285 272
286 134 502
286 40 91
59 291 284
291 90 289
312 313 266
293 300 316
292 90 444
289 90 292
275 300 298
453 454 334
284 291 287
90 291 59
310 301 309
241 309 292
298 300 293
298 295 290
298 281 295
277 294 282
275 298 290
304 305 125
295 299 306
303 138 451
295 281 299
306 296 294
333 335 326
298 293 455
326 339 349
275 307 300
272 315 307
365 370 341
312 266 289
301 321 332
341 344 345
304 303 296
137 138 303
305 304 296
304 125 130
326 314 325
136 125 325
295 306 294
305 306 299
276 307 275
315 272 327
313 340 266
360 311 301
310 309 241
311 309 301
317 310 241
320 36 321
332 346 323
302 312 324
324 289 292
313 312 302
332 323 353
288 328 315
305 333 326
357 361 350
328 288 340
329 330 308
329 316 300
308 316 329
241 444 318
319 317 76
75 318 72
76 317 318
319 76 398
310 319 144
322 356 354
310 144 320
310 321 301
354 356 347
332 321 36
347 355 353
302 324 311
289 324 312
326 325 305
136 325 314
453 333 299
335 337 348
285 327 272
288 315 327
344 330 345
315 330 329
307 329 300
315 328 330
366 365 345
373 379 382
341 372 373
293 484 455
332 355 360
305 299 333
335 333 453
299 281 453
453 281 454
339 348 336
334 461 460
349 314 326
337 335 334
335 339 326
348 337 297
297 338 348
350 349 339
340 288 452
313 328 340
365 341 345
344 341 373
344 308 330
308 342 316
345 330 328
373 342 308
370 376 372
313 366 328
384 386 352
391 378 389
332 36 346
302 311 352
336 348 338
335 348 339
350 339 336
361 358 350
351 361 2
358 362 363
350 358 349
358 314 349
369 378 391
385 386 384
354 323 322
355 347 352
347 353 354
323 354 353
360 352 311
332 353 355
388 377 331
368 370 365
347 356 387
350 336 357
363 362 129
359 375 368
332 360 301
352 360 355
2 361 357
358 361 351
364 129 132
358 351 362
136 314 363
132 136 364
136 363 364
345 328 366
368 365 359
386 313 302
365 366 385
367 375 388
380 343 379
359 374 375
368 367 370
389 374 356
367 368 375
376 331 371
376 370 367
376 371 380
370 372 341
379 373 372
344 373 308
372 380 379
384 374 359
356 374 387
377 388 378
376 367 388
457 454 455
378 369 377
388 331 376
389 375 374
389 356 392
382 342 373
376 380 372
343 380 371
379 381 382
379 343 381
485 381 126
460 461 458
461 334 454
385 384 359
387 352 347
365 385 359
386 385 366
313 386 366
352 386 302
374 384 387
352 387 384
378 388 375
392 391 389
375 389 378
3 394 393
322 390 392
369 391 394
322 392 356
390 391 392
133 395 135
391 390 393
393 394 391
130 136 395
121 396 119
397 396 123
50 397 123
451 397 117
75 398 76
143 398 142
215 399 85
149 399 157
88 167 400
219 400 167
163 401 181
187 401 185
200 402 208
182 402 213
404 225 229
404 229 406
224 404 223
426 421 239
466 412 413
229 431 409
410 411 412
418 407 420
255 447 449
425 465 466
411 223 404
229 409 406
408 409 407
412 405 413
412 411 405
223 411 410
413 405 408
410 412 222
415 413 408
415 425 413
468 428 237
486 488 417
490 464 479
476 419 474
423 419 418
421 414 420
419 415 408
478 487 415
426 427 428
407 418 408
419 408 418
407 431 421
422 420 414
431 229 432
428 429 430
450 483 449
420 423 418
424 423 422
481 450 480
472 475 477
476 478 415
466 465 222
426 239 427
414 421 426
239 231 427
443 427 231
469 470 468
426 428 414
482 251 483
428 430 414
481 430 429
422 414 430
409 431 407
432 229 226
432 226 433
421 431 432
434 433 226
239 433 234
228 434 226
434 198 435
207 435 198
435 206 436
206 220 436
238 436 220
438 167 43
235 437 233
43 439 438
439 13 440
14 439 43
13 12 440
46 39 441
438 439 440
442 168 236
438 442 233
440 442 438
442 441 168
469 236 168
427 443 237
318 444 72
292 444 241
445 100 470
243 445 31
249 446 244
467 446 251
256 35 447
448 447 35
478 463 492
471 449 448
471 450 449
255 449 483
450 471 480
481 429 482
397 451 138
277 451 117
287 452 279
340 452 266
281 455 454
335 453 334
281 298 455
382 485 456
455 484 456
458 461 383
455 456 457
457 459 383
462 126 459
337 460 297
460 337 334
297 460 458
462 459 457
454 457 461
383 461 457
457 456 462
462 456 485
424 472 474
472 424 471
490 479 1
417 425 486
412 466 222
425 417 465
413 425 466
482 467 251
468 467 429
428 468 429
469 468 237
443 469 237
441 470 168
445 470 39
470 100 467
472 471 448
480 471 424
35 473 475
472 477 474
476 474 463
448 475 472
419 424 474
35 475 448
477 475 473
478 476 463
415 419 476
416 477 473
474 477 463
492 463 489
478 464 487
416 489 477
416 491 492
424 422 480
422 430 481
467 482 429
422 481 480
483 251 248
450 481 482
483 248 255
450 482 483
316 484 293
342 456 484
381 485 382
462 485 126
487 486 425
486 464 490
415 487 425
492 479 464
486 490 488
464 486 487
463 477 489
1 488 490
492 464 478
491 479 492
416 492 489
493 495 496
499 103 493
111 494 103
495 494 106
107 495 106
496 495 108
496 108 120
497 496 122
122 133 498
497 127 499
133 37 498
127 498 37
23 22 501
497 499 493
270 500 265
265 500 501
23 501 500
286 502 49
502 134 278
