30 34 35
302 159 15
179 182 181
605 141 139
26 18 17
17 34 224
26 214 42
19 38 20
18 28 19
84 89 86
131 134 103
581 126 122
47 46 44
10 161 11
44 46 28
35 16 158
109 108 31
37 10 36
41 6 163
29 8 7
8 100 27
35 34 16
9 36 10
51 50 32
39 20 38
251 248 254
45 73 76
20 162 21
577 68 64
142 147 144
42 18 26
247 250 249
34 17 16
102 104 27
7 40 292
282 100 29
40 41 33
40 7 6
662 83 81
318 164 5
105 104 102
27 9 8
146 153 143
183 180 186
219 221 542
34 30 224
109 9 27
37 36 31
118 108 104
37 31 120
51 19 28
39 38 32
60 50 46
39 32 62
41 40 6
40 33 292
88 95 85
287 289 558
219 193 220
28 18 42
42 44 28
44 42 214
61 65 66
43 47 44
49 62 32
32 38 51
54 47 55
28 46 50
55 43 48
170 58 63
188 183 186
47 43 55
73 45 67
56 60 54
167 52 530
54 46 47
19 51 38
28 50 51
58 55 63
82 231 91
45 59 61
49 32 50
46 54 60
55 48 63
56 65 61
167 334 52
49 59 45
61 67 45
73 69 76
335 175 176
168 173 170
60 49 50
61 59 56
56 59 60
60 59 49
168 63 48
575 649 667
45 62 49
67 78 79
58 170 167
67 61 68
703 71 70
68 71 64
56 54 166
166 167 171
175 171 176
668 570 90
68 61 66
69 81 83
71 74 70
68 66 71
68 78 67
89 39 86
335 177 74
162 233 21
166 171 65
79 81 69
65 56 166
173 168 25
24 236 247
69 73 79
335 71 66
718 228 408
673 94 670
84 69 83
67 79 73
410 22 99
96 99 229
543 74 177
62 76 86
45 76 62
319 325 322
81 79 78
96 85 95
698 576 704
545 664 577
82 660 231
91 97 95
87 84 83
69 84 76
83 88 87
87 89 84
87 88 85
233 229 99
62 86 39
76 84 86
88 83 82
85 89 87
232 21 233
82 91 88
85 96 229
89 233 162
571 529 93
510 329 529
663 579 660
91 90 97
463 471 466
646 575 645
231 90 91
99 92 410
545 409 665
321 323 509
91 95 88
95 93 528
526 528 329
85 229 89
90 569 571
95 97 93
294 279 295
163 164 484
23 323 321
570 514 569
8 29 100
287 261 288
100 102 27
102 100 282
119 123 124
101 105 102
107 120 31
31 36 109
235 411 110
27 104 108
113 101 106
238 116 121
256 251 254
113 112 105
131 103 125
114 118 112
235 110 546
112 104 105
9 109 36
27 108 109
116 113 121
140 299 149
103 117 119
107 31 108
104 112 118
113 106 121
114 123 119
101 113 105
107 117 103
119 125 103
131 127 134
412 243 244
236 241 238
118 107 108
119 117 114
114 117 118
118 117 107
236 121 106
568 592 610
103 120 107
125 136 137
116 238 235
125 119 126
710 129 128
126 129 122
114 112 234
234 235 239
243 239 244
611 563 148
126 119 124
127 139 141
129 132 128
126 124 129
126 136 125
147 37 144
412 245 132
161 301 11
234 239 123
137 139 127
123 114 234
241 236 24
25 168 179
127 131 137
412 129 124
719 296 485
616 152 613
142 127 141
125 137 131
487 12 157
154 157 297
559 132 245
120 134 144
103 134 120
303 309 306
139 137 136
154 143 153
705 580 711
561 607 581
140 603 299
149 155 153
145 142 141
127 142 134
141 146 145
145 147 142
145 146 143
301 297 157
120 144 37
134 142 144
146 141 140
143 147 145
300 11 301
140 149 146
143 154 297
147 301 161
564 508 151
489 313 508
606 583 603
149 148 155
386 394 389
589 568 588
299 148 149
157 150 487
561 486 608
305 307 488
149 153 146
153 151 507
505 507 313
143 297 147
148 562 564
153 155 151
226 211 227
158 159 407
13 307 305
563 493 562
16 15 158
159 158 15
302 14 304
352 539 347
35 407 221
405 542 222
10 37 161
147 161 37
20 39 162
89 162 39
6 5 163
164 163 5
318 4 320
429 555 424
41 484 289
558 290 482
58 54 55
166 58 167
531 335 176
168 170 63
178 181 183
58 166 54
170 72 334
169 201 202
66 65 175
25 72 173
179 181 178
170 173 72
408 543 53
532 53 177
65 171 175
167 530 171
169 336 205
335 74 71
693 690 691
531 177 335
48 182 168
178 25 179
182 48 194
43 213 194
189 187 192
179 168 182
183 181 180
194 48 43
180 181 182
186 184 188
178 183 172
189 186 199
189 192 191
217 218 215
183 188 172
182 194 198
195 185 188
195 188 184
184 186 189
185 172 188
199 186 180
217 192 193
207 336 202
184 189 191
190 212 208
202 195 203
192 187 716
191 192 190
192 716 193
218 160 215
214 197 213
182 198 180
203 184 191
201 185 195
212 196 208
226 343 339
26 224 220
187 199 200
194 213 200
199 198 200
189 199 187
180 198 199
194 200 198
200 197 716
195 184 203
202 201 195
169 202 336
206 203 208
210 209 227
350 355 356
208 203 191
336 211 205
207 202 203
190 208 191
203 206 207
206 210 207
196 206 208
225 359 212
348 216 535
196 210 206
337 210 227
211 337 227
204 205 406
190 215 212
215 160 225
214 213 43
200 213 197
44 214 43
214 26 220
217 215 190
358 371 363
407 315 222
211 226 339
192 217 190
217 193 218
193 219 218
30 221 219
193 716 220
221 30 35
220 197 214
30 219 220
221 407 222
542 218 219
302 306 159
306 316 315
225 212 215
343 345 340
224 26 17
30 220 224
225 380 360
362 365 357
349 352 347
533 537 342
209 210 196
226 354 345
74 543 698
99 96 92
75 526 329
230 652 668
663 660 662
578 684 545
232 233 99
89 229 233
99 22 232
116 112 113
234 116 235
547 412 244
236 238 121
246 249 251
116 234 112
238 130 411
237 269 270
124 123 243
24 130 241
247 249 246
238 241 130
485 559 111
548 111 245
123 239 243
235 546 239
237 413 273
412 132 129
636 633 634
547 245 412
106 250 236
246 24 247
250 106 262
101 281 262
257 255 260
247 236 250
251 249 248
262 106 101
248 249 250
254 252 256
246 251 240
257 254 267
257 260 259
285 286 283
251 256 240
250 262 266
263 253 256
263 256 252
252 254 257
253 240 256
267 254 248
285 260 261
275 413 270
252 257 259
258 280 276
270 263 271
260 255 717
259 260 258
260 717 261
286 165 283
282 265 281
250 266 248
271 252 259
269 253 263
280 264 276
294 420 416
29 292 288
255 267 268
262 281 268
267 266 268
257 267 255
248 266 267
262 268 266
268 265 717
263 252 271
270 269 263
237 270 413
274 271 276
278 277 295
427 432 433
276 271 259
413 279 273
275 270 271
258 276 259
271 274 275
274 278 275
264 274 276
293 436 280
425 284 551
264 278 274
414 278 295
279 414 295
272 273 483
258 283 280
283 165 293
282 281 101
268 281 265
102 282 101
282 29 288
285 283 258
435 448 440
331 290 484
279 294 416
260 285 258
285 261 286
261 287 286
33 289 287
261 717 288
289 33 41
288 265 282
33 287 288
289 484 290
558 286 287
164 318 322
331 322 332
293 280 283
420 422 417
292 29 7
33 288 292
293 457 437
439 442 434
426 429 424
549 553 419
277 278 264
294 431 422
132 559 705
157 154 150
133 505 313
298 595 611
606 603 605
582 627 561
300 301 157
147 297 301
157 12 300
15 14 302
305 304 14
312 308 310
304 306 302
305 14 13
304 303 306
13 150 307
303 304 305
310 309 303
159 306 315
506 150 505
307 506 488
378 374 376
392 317 388
303 488 310
309 308 316
312 310 133
308 309 310
311 312 313
389 378 376
312 133 313
308 312 311
506 505 133
508 313 507
316 317 314
404 541 403
316 306 309
315 314 541
317 316 308
315 316 314
383 388 398
354 227 209
5 4 318
321 320 4
328 324 326
320 322 318
321 4 23
320 319 322
23 92 323
319 320 321
326 325 319
164 322 331
527 92 526
323 527 509
455 451 453
469 333 465
319 509 326
325 324 332
328 326 75
324 325 326
327 328 329
466 455 453
328 75 329
324 328 327
527 526 75
529 329 528
332 333 330
481 557 480
332 322 325
331 330 557
333 332 324
331 332 330
460 465 475
431 295 277
175 335 66
170 334 167
530 176 171
337 207 210
211 336 337
207 337 336
534 533 340
346 340 345
339 204 406
341 204 342
342 204 339
344 536 534
339 343 533
344 534 535
345 343 226
340 348 535
341 342 537
354 226 227
345 338 346
346 338 349
340 346 348
338 355 352
223 358 363
351 346 349
346 351 348
354 355 338
349 347 351
356 209 196
360 380 381
361 351 347
348 370 216
338 352 349
350 538 539
360 350 356
369 368 365
355 354 209
345 354 338
356 355 209
355 350 352
359 196 212
356 359 360
362 357 361
367 368 369
360 359 225
363 351 361
196 359 356
372 380 160
539 538 353
362 361 347
363 361 357
539 362 347
495 497 494
223 363 357
371 358 370
362 366 365
365 368 357
366 362 353
357 368 223
379 366 382
366 377 365
367 369 374
367 223 368
364 367 374
379 377 366
348 371 370
371 348 351
351 363 371
372 404 403
403 317 392
353 538 381
375 384 385
384 376 377
374 369 376
383 387 388
378 364 374
377 376 369
375 389 376
365 377 369
382 366 353
375 385 386
364 378 399
379 387 385
384 379 385
160 380 225
380 372 402
381 380 402
381 401 382
381 382 353
373 379 382
398 308 393
494 393 496
376 384 375
377 379 384
387 379 373
386 385 383
395 394 386
391 378 389
388 387 373
383 385 387
392 388 373
388 317 398
375 386 389
394 391 389
395 383 540
399 400 397
396 391 390
399 391 400
401 392 373
402 403 392
311 496 308
489 491 311
386 383 395
390 391 394
492 491 489
394 395 497
390 497 495
502 504 499
308 398 317
391 399 378
398 393 540
400 391 396
364 399 397
584 400 396
115 397 400
382 401 373
402 401 381
403 402 372
401 402 392
372 160 404
317 403 314
160 405 404
404 405 541
160 218 542
541 405 222
205 211 406
339 406 211
158 407 35
315 407 159
698 699 576
545 577 578
644 655 524
243 412 124
92 23 410
238 411 235
546 244 239
414 275 278
279 413 414
275 414 413
550 549 417
423 417 422
416 272 483
418 272 419
419 272 416
421 552 550
416 420 549
421 550 551
422 420 294
417 425 551
418 419 553
431 294 295
422 415 423
423 415 426
417 423 425
415 432 429
291 435 440
428 423 426
423 428 425
431 432 415
426 424 428
433 277 264
437 457 458
438 428 424
425 447 284
415 429 426
427 554 555
437 427 433
446 445 442
432 431 277
422 431 415
433 432 277
432 427 429
436 264 280
433 436 437
439 434 438
444 445 446
437 436 293
440 428 438
264 436 433
449 457 165
555 554 430
439 438 424
440 438 434
555 439 424
516 518 515
291 440 434
448 435 447
439 443 442
442 445 434
443 439 430
434 445 291
456 443 459
443 454 442
444 446 451
444 291 445
441 444 451
456 454 443
425 448 447
448 425 428
428 440 448
449 481 480
480 333 469
430 554 458
452 461 462
461 453 454
451 446 453
460 464 465
455 441 451
454 453 446
452 466 453
442 454 446
459 443 430
452 462 463
441 455 476
456 464 462
461 456 462
165 457 293
457 449 479
458 457 479
458 478 459
458 459 430
450 456 459
475 324 470
515 470 517
453 461 452
454 456 461
464 456 450
463 462 460
472 471 463
468 455 466
465 464 450
460 462 464
469 465 450
465 333 475
452 463 466
471 468 466
472 460 556
476 477 474
473 468 467
476 468 477
478 469 450
479 480 469
327 517 324
510 512 327
463 460 472
467 468 471
513 512 510
471 472 518
467 518 516
523 525 520
324 475 333
468 476 455
475 470 556
477 468 473
441 476 474
641 477 473
57 474 477
459 478 450
479 478 458
480 479 449
478 479 469
449 165 481
333 480 330
165 482 481
481 482 557
165 286 558
557 482 290
273 279 483
416 483 279
163 484 41
331 484 164
705 706 580
561 581 582
587 598 503
310 488 133
150 13 487
305 488 303
489 156 492
311 313 489
492 493 501
495 490 500
494 491 490
496 491 494
493 492 156
491 492 490
562 493 156
565 493 563
494 490 495
494 395 540
498 500 501
390 495 499
308 496 393
311 491 496
394 497 390
494 497 395
713 602 604
390 499 396
502 495 500
504 502 498
501 500 490
502 500 498
492 501 490
501 493 565
498 565 567
495 502 499
150 154 505
592 589 586
498 567 504
499 504 585
488 506 133
507 505 154
150 506 307
153 507 154
507 151 508
564 151 155
489 508 156
326 509 75
321 509 319
510 98 513
327 329 510
513 514 522
516 511 521
515 512 511
517 512 515
514 513 98
512 513 511
569 514 98
572 514 570
515 511 516
515 472 556
519 521 522
467 516 520
324 517 470
327 512 517
471 518 467
515 518 472
715 659 661
467 520 473
523 516 521
525 523 519
522 521 511
523 521 519
513 522 511
522 514 572
519 572 574
516 523 520
92 96 526
649 646 643
519 574 525
520 525 642
509 527 75
528 526 96
92 527 323
95 528 96
528 93 529
571 93 97
510 529 98
52 174 530
531 530 174
530 531 176
532 531 174
339 533 342
531 532 177
340 533 343
344 535 216
344 0 536
340 535 534
0 341 536
537 536 341
533 534 537
536 537 534
350 360 538
381 538 360
539 353 362
350 539 352
398 540 383
494 540 393
315 541 222
403 541 314
222 542 221
160 542 405
53 543 177
543 408 698
691 690 689
672 94 673
578 64 703
665 664 545
110 242 546
547 546 242
546 547 244
548 547 242
416 549 419
547 548 245
417 549 420
421 551 284
421 2 552
417 551 550
2 418 552
553 552 418
549 550 553
552 553 550
427 437 554
458 554 437
555 430 439
427 555 429
475 556 460
515 556 470
331 557 290
480 557 330
290 558 289
165 558 482
111 559 245
559 485 705
634 633 632
615 152 616
582 122 710
608 607 561
156 508 564
563 562 148
611 148 299
563 138 565
148 564 155
156 564 562
593 567 138
501 565 498
566 593 591
592 586 590
138 567 565
567 566 586
504 567 586
588 115 584
98 529 571
570 569 90
668 90 231
570 80 572
90 571 97
98 571 569
650 574 80
522 572 519
573 650 648
649 643 647
80 574 572
574 573 643
525 574 643
645 57 641
699 408 228
686 682 684
68 577 78
578 577 64
704 578 703
576 544 686
653 644 648
230 660 657
706 485 296
629 625 627
126 581 136
582 581 122
711 582 710
580 560 629
596 587 591
298 603 600
400 584 115
585 584 396
499 585 396
586 585 504
590 586 566
584 589 588
587 590 591
596 598 587
585 586 589
589 584 585
591 590 566
592 590 587
566 567 593
599 601 595
503 592 587
589 592 568
138 595 593
298 599 595
596 591 601
602 598 596
138 563 611
597 599 600
593 595 601
594 598 602
608 609 712
594 602 612
600 599 298
594 503 598
599 597 601
298 299 603
600 583 712
601 597 604
591 593 601
604 596 601
602 596 604
605 603 140
583 600 603
618 712 609
152 612 613
141 605 140
605 139 606
139 136 606
136 581 607
583 606 607
136 607 606
608 486 609
583 607 608
613 617 616
604 597 618
298 611 299
592 503 610
138 611 595
713 618 617
613 612 602
621 624 628
621 619 620
614 622 623
615 616 620
615 620 622
712 618 597
713 617 613
624 621 617
617 618 609
616 621 620
630 632 631
621 616 617
622 620 619
624 617 609
626 628 624
622 619 631
615 622 614
634 632 560
720 614 623
609 486 624
624 486 626
626 627 625
628 630 619
627 626 486
626 625 628
561 627 486
627 582 629
630 628 625
619 621 628
629 582 711
625 629 560
625 560 630
631 632 623
622 631 623
619 630 631
630 560 632
635 639 636
720 638 637
623 632 633
709 580 706
708 636 634
640 637 638
706 707 708
135 635 636
639 633 636
638 623 633
639 635 640
640 635 1
633 639 638
637 640 1
638 639 640
477 641 57
642 641 473
520 642 473
643 642 525
647 643 573
641 646 645
644 647 648
653 655 644
642 643 646
646 641 642
648 647 573
649 647 644
573 574 650
656 658 652
524 649 644
646 649 575
80 652 650
230 656 652
653 648 658
659 655 653
80 570 668
654 656 657
650 652 658
651 655 659
665 666 714
651 659 669
657 656 230
651 524 655
656 654 658
230 231 660
657 579 714
658 654 661
648 650 658
661 653 658
659 653 661
662 660 82
579 657 660
675 714 666
94 669 670
83 662 82
662 81 663
81 78 663
78 577 664
579 663 664
78 664 663
665 409 666
579 664 665
670 674 673
661 654 675
230 668 231
649 524 667
80 668 652
715 675 674
670 669 659
678 681 685
678 676 677
671 679 680
672 673 677
672 677 679
714 675 654
715 674 670
681 678 674
674 675 666
673 678 677
687 689 688
678 673 674
679 677 676
681 674 666
683 685 681
679 676 688
672 679 671
691 689 544
721 671 680
666 409 681
681 409 683
683 684 682
685 687 676
684 683 409
683 682 685
545 684 409
684 578 686
687 685 682
676 678 685
686 578 704
682 686 544
682 544 687
688 689 680
679 688 680
676 687 688
687 544 689
692 696 693
721 695 694
680 689 690
702 576 699
701 693 691
697 694 695
699 700 701
77 692 693
696 690 693
695 680 690
696 692 697
697 692 3
690 696 695
694 697 3
695 696 697
698 70 74
699 698 408
701 700 77
701 691 702
693 701 77
699 228 700
702 691 544
576 702 544
699 701 702
71 703 64
704 703 70
698 704 70
686 704 576
705 128 132
706 705 485
708 707 135
708 634 709
636 708 135
706 296 707
709 634 560
580 709 560
706 708 709
129 710 122
711 710 128
705 711 128
629 711 580
600 712 597
608 712 583
602 713 613
618 713 604
657 714 654
665 714 579
659 715 670
675 715 661
200 716 187
220 716 197
268 717 255
288 717 265
408 53 718
485 111 719
638 720 623
695 721 680
