0 0
0 1
3 1
3 0
1.73776412907379 0.577254248593737
1.70225424859374 0.646946313073118
1.64694631307312 0.702254248593737
1.57725424859374 0.737764129073788
1.5 0.75
1.42274575140626 0.737764129073788
1.35305368692688 0.702254248593737
1.29774575140626 0.646946313073118
1.26223587092621 0.577254248593737
1.25 0.5
1.26223587092621 0.422745751406263
1.29774575140626 0.353053686926882
1.35305368692688 0.297745751406263
1.42274575140626 0.262235870926212
1.5 0.25
1.57725424859374 0.262235870926212
1.64694631307312 0.297745751406263
1.70225424859374 0.353053686926882
1.73776412907379 0.422745751406263
1.75 0.5
1.5 1
1.5 0
1.41799122833023 0.187642700010665
1.41799122833023 0.812357299989335
1.58200877166977 0.187642700010665
1.58200877166977 0.812357299989335
1.28024972056934 0.227172056625102
1.20438007440974 0.670045383489911
1.79561992559026 0.329954616510088
1.71975027943066 0.772827943374898
0.75 0
0.75 1
2.25 0
2.25 1
1.13702952896364 0.369689116272928
1.13702952896364 0.630310883727072
1.86297047103636 0.369689116272927
1.86297047103636 0.630310883727072
1.22549723039542 0.38095825260737
1.15814668494932 0.420692752370209
0 0.5
1.22549723039542 0.61904174739263
1.15814668494932 0.579307247629791
0.874220444695011 0.339997974621905
1.77450276960458 0.38095825260737
1.84185331505068 0.420692752370209
2.04302345373698 0.67288300722862
1.77450276960458 0.61904174739263
1.84185331505068 0.579307247629791
1.99068642761424 0.590496532598395
1.5 0.205339691418577
1.5 0.148987085582534
1.20438007440974 0.329954616510089
1.02982818835485 0.290124897729957
1.71975027943066 0.227172056625102
1.97017181164515 0.290124897729957
1.3125 0
1.29774161024688 0.120786289578585
1.39592131602675 0.1348615006388
1.60407868397325 0.1348615006388
1.30801082487504 0.171595354034401
1.5257182892079 0.0934402737778146
1.875 0
1.125 0
1.1493722712206 0.253013070280067
1.20344586476199 0.188059269051009
1.69198917512496 0.171595354034401
1.6875 0
1.90291405117417 0.174777315540764
1.70225838975312 0.120786289578585
1.62816833298482 0.084227521123363
1.81620909707719 0.135124572637501
1.93114441320248 0.0768666004440868
1.79749372819554 0.188880436340146
1.88158022745862 0.240463126278548
1.18914181058219 0.13288866819745
1.38411567872808 0.0628061610704092
1.00068932647599 0.173152539650625
1.06778523160561 0.0772182865487724
1.1062720652028 0.166308943641905
1.06583078345686 0.21736491206291
0.918059972464054 0.237691990625637
1.24568560774207 0.279185364746433
1.12569053613704 0.300632377465616
1.05901523564827 0.338130468388424
0 0.0625
2.0300987897645 0.218813288242327
1.8663040934436 0.291861586784282
1.76022629376801 0.278094387161807
1.5 0.901698433984131
1.5 0.794660308581423
1.50244584512059 0.848179371282777
1.79561992559026 0.670045383489912
1.28024972056934 0.772827943374898
1.97017181164515 0.709875102270043
1.60909717977439 0.867398814645171
1.02982818835485 0.709875102270043
1.125 1
1.69298176867787 0.829269328218753
1.875 1
1.79846133252755 0.811968168786531
1.8502259502536 0.746587368745898
1.8039199828632 0.909322995111379
1.77224913287554 0.861051267188546
1.9504632064576 0.858553167327195
1.69627876167071 0.900245467180804
1.6875 1
1.73448939197864 0.951059972566987
1.59857941029092 0.948546317693895
1.38664999084493 0.873629894067891
1.75359322219861 0.720681551106601
1.87454516200744 0.699109388501363
1.94165397410376 0.661644115639801
2.23178862553793 0.657529866073235
1.91990426947137 0.798192570126816
2.14918911271515 0.801286586180751
2.03367401835324 0.815907127781117
2.00453580233178 0.762499902769899
2.14174662098835 0.907980117490002
2.08688907580649 0.71993837179565
2.1144648758202 0.854092692290634
2.46146943580168 0.851696857332906
3 0.5
2.0625 1
2.21300039998818 0.870291438684928
2.625 1
2.34247955269164 0.878514431559013
1.24985764168571 0.941715548717701
2.4375 1
2.26905280784691 0.932467732138173
2.03324264626504 0.413908380345928
2.34375 0.972174344758124
2.46156272290366 0.926336454341973
2.29419115198548 0.809642928753805
2.23729256826628 0.737780091430022
1.37016419378072 0.225739283247506
1.62983580621928 0.225739283247506
1.56061316319767 0.0434342099235358
1.75176500238478 0.0586554829206396
1.78125 0
2.0625 0
1.21348628700441 0.0596367846348366
1.40625 0
1.1520973333176 0.0921735647754964
1.08335989203885 0.122159837382695
0.950427683065716 0.110531416954741
1.12917418529242 0.0446815064081126
0.9375 0
1.03125 0
0.984375 0.0463145737563462
0.84375 0.0528086666544326
1.21875 0
1.29999313922818 0.045175973129669
0.843512715918471 0.168337983434042
0.719386845676675 0.0607950637131442
0.375 0
0.7956733256512 0.110548699957797
0 0.25
0.5625 0
0.665437231266885 0.120973018712238
0.65625 0
0.609375 0.0507637835701281
0.46875 0.0524344658653206
1.00781560847217 0.409658518786392
0.966757353734962 0.586091619654072
0.336317774183198 0.0644601604992695
0.1875 0
0 0.125
0.28125 0
0.234375 0.0481218022056702
0.227419582990821 0.146649189372571
0.25868711657301 0.0978759427287604
0.415976372580465 0.149976921740239
0.14231153464349 0.106116685343895
0 0.1875
0.115237898684843 0.0473659240136323
0.416809388995237 0.0977493358366399
0.541523560429345 0.10338734080652
0.249222157653103 0.271240004356413
0.111967552311169 0.164649800033102
0.203871339540819 0.21045170729441
0.563020112149305 0.183453836412355
0.318890898555438 0.188076908932491
0.443350976251549 0.217389602243548
0.124888480039655 0.259806272014771
0.0863840968344412 0.213315815859926
0.343940166709712 0.242200130571525
0.481610016149135 0.317908837015062
0.356546189088337 0.305616354029495
0 0.375
0.568048583415059 0.25760404352485
0.435408899957749 0.270225177561862
0.712351027755171 0.218039859070091
0.675070495233665 0.341593925350065
0.375495740118087 0.422614427757506
0 0.3125
0.200246725868686 0.368537503967814
0.620217794875588 0.219601855092075
0.663191674571829 0.173215133599971
0.66937714805893 0.264426580562194
0.800402688680917 0.266603080523759
0.587847131329248 0.310338273138787
0.553589604532685 0.380292387860411
0.39902047973102 0.362779202236828
0.301793327100687 0.384296509221966
0.202790335735212 0.46878249161981
0.224889315854373 0.418511745594774
0 0.4375
0.0965064034512395 0.34375
0.187504982939897 0.315203821794528
0.751487215213272 0.153538256947569
0.813296741505198 0.216520616223428
0.895202173101247 0.288744492332802
0.732472371388445 0.301898980074449
0.774858633001701 0.34744581194112
0.847333430506452 0.419745384182894
0.709846497387872 0.408969328753325
0.100154962388024 0.482377138193418
0 0.75
0 0.625
0 0.5625
0.176285260542652 0.522411698863395
0.365784631543146 0.517373641138559
0.269501942376327 0.505477232225981
0.301623475594286 0.457370158986537
0.278546971584415 0.590531207350378
0.105266601703041 0.406752363667974
0.741510042046623 0.532628944242075
0.761615855413365 0.468498645458004
0.929195780154185 0.498942929173331
0.560054005952696 0.485553561253175
0.828768953230592 0.506615105800997
0.892937947695901 0.548447762684062
0.796383303250745 0.632700412475621
0.666546083540019 0.493900278318288
0.58837468199102 0.569229844220772
1.00334249201021 0.248241717897951
2.05138767713143 0.135506770166864
1.62983580621928 0.774260716752494
1.2492470677698 0.720157406263508
1.12991842858375 0.766333400010551
1.37016419378072 0.774260716752494
1.322515578864 0.815769057789784
1.19634630621538 0.82014465799294
0.972347336030566 0.852118179912298
1.07532863230459 0.82033659180356
1.13639208462106 0.907664331924835
0.949184877780624 0.775753113456036
1.1360815660071 0.858717457680007
1.25909562974741 0.875709803367652
1.04971477318991 0.883328118619655
0.920201102354779 0.924013556379579
0.9375 1
1.03718972086764 0.945238105393185
1.3125 1
1.03125 1
1.38892340569795 0.942587048434369
1.21875 1
1.15716239385185 0.954648499787294
1.48673048243783 0.950849216992065
1.40625 1
1.94180159411905 0.5
2.2529669229933 0.307586093168941
2.12111479673932 0.615131679417311
2.1145210862874 0.525224018035277
2.08003441157957 0.570870597409791
2.00019720197129 0.540663018538527
2.20589590104483 0.568562968099275
2.31386449907237 0.465902323405633
2.23092458233216 0.509619461897349
2.14053721104187 0.457398900520437
2.42739139361424 0.561275688673366
2.31458825718513 0.549301028817608
2.3447428542248 0.61710098444749
2.04521532826248 0.483418046413033
2.17860344819533 0.379087507607496
2.25024847132238 0.610761319172204
2.67462852657534 0.650473358913677
2.3712962382147 0.695310140421837
2.12243509339186 0.41373045484455
2.07746365762399 0.366796795137918
2.2235748839632 0.426021167314128
1.97033350708455 0.370401790796296
2.15065582229525 0.326402709628169
2.32727871234926 0.372325898478377
2.15569673802886 0.254309924675346
2.4771571609403 0.622902705684229
2.07589776713106 0.289005438307008
2.15201396802859 0.184268807096312
2.67076967795055 0.547978708795908
2.47744760849505 0.678558895532979
2.56811649189716 0.650612319917422
2.46083265090695 0.744696735304408
3 0.75
2.58023320423379 0.589491174594998
2.62177800009446 0.728243876373376
2.54224287923341 0.523339321052833
2.22646896789632 0.0955192938153068
2.34491926825229 0.216777825238563
2.3478650684276 0.750914292829626
2.41545765314591 0.798264779560456
2.56358533595855 0.79804439319753
2.5327814691121 0.715624763908466
2.42535556158986 0.497302865283161
2.65222229597914 0.426785748739442
2.15455627621653 0.132619402259493
2.0956375736124 0.0685466614568196
2.28014474797554 0.157503772531887
2.26453094144601 0.253470532496451
2.40155139403313 0.288157219763446
2.64721667456074 0.888958632110565
2.43537259074373 0.423228301291832
2.64671032427706 0.483229777018155
2.01744903115916 0.092764453966479
1.95123646183565 0.130647824350426
2.00568304629544 0.0422188221224056
2.15625 0
2.203125 0.0455973549744516
2.625 0
2.4375 0
2.24402809426409 0.204335652331874
2.569186002638 0.851829991182112
2.70140917754808 0.821422210057366
2.33983415324511 0.419804434175346
2.46622972746688 0.352702553545087
2.53107740858307 0.462002904679238
2.55357284884096 0.399206854070292
3 0.25
2.34558102062339 0.0552693631466502
2.65525813630456 0.776186629193088
2.8084966181085 0.722539730055374
2.76880025690723 0.775730062520107
3 0.875
2.88640754846675 0.767374493595729
3 0.8125
2.84700975241981 0.839838155660735
2.38053189216649 0.333797041009301
2.70067711672582 0.325557173551027
2.73550908241044 0.46498720928516
3 0.375
2.64789800638123 0.372754769016691
2.57527734642224 0.32147621864976
2.34375 0
2.53125 0.0857227115878106
2.91175403206412 0.809729009803743
2.75372408676243 0.871120675578746
2.87448809198485 0.91073745528676
2.8125 1
2.44061332013723 0.152149073316103
2.45046291795581 0.0521332792805605
2.54793559790122 0.0346072525512032
2.40369236661176 0.101110929436142
2.68473498289769 0.0720096576602683
3 0.9375
2.74088993337439 0.940374226839484
2.65244604605721 0.21236709651817
2.31315736609723 0.113554568864899
2.90193675503697 0.96551506627773
2.71875 1
2.62934137399011 0.944140839899861
2.53125 0.970206680972799
2.64463611851555 0.27236304988611
2.51908533757955 0.264836953967559
2.81897777626114 0.247911689914023
2.72319974773869 0.244794731932472
3 0.125
2.76554849831586 0.288913580383938
3 0.3125
2.81435587435086 0.343192208260227
2.77155337696009 0.403542824039307
2.658829895559 0.141627024569633
2.77735568146228 0.179743126264203
2.90901060761497 0.259320613470952
3 0.1875
2.87209452101285 0.135510168059632
2.88608057230944 0.38987945657164
2.91604466254675 0.341253867632925
3 0.4375
2.8537519663361 0.448962802869105
3 0.625
2.5550913189269 0.174728633767403
2.55970400660861 0.222042018352003
2.4519891555894 0.222699323245933
2.56907027840747 0.128491290683105
2.8897075623116 0.202887274274128
2.76279087633428 0.115284552982949
2.8125 0
2.86168507237527 0.0656234960863516
2.7698317309888 0.0454148085665383
2.90625 0
3 0.0625
2.36532650701919 0.925269065556603
2.14992017421317 0.754508496028241
2.17642449977811 0.698651448446087
1.8493832194266 0.0482370923207594
0.919419132457919 0.192633581201227
0.967549338570939 0.362107792777592
0.508006284727945 0.146391733753707
0.277836972400202 0.336025917559996
0.0779495269993558 0.53125
0.148430888177893 0.586114813467277
0.198832677140267 0.696273877934325
0.206826203298621 0.637397431230129
0.3982169229084 0.673467487179633
0.332931320356308 0.760070197680662
0.291652511015312 0.66985048300521
0 0.6875
0.104427611964503 0.663495704431458
0.0959781592858934 0.719955886783934
0.198492685695308 0.763584799404076
0.597979377296688 0.669091480677119
0.271446772482192 0.816668319528977
0.375 1
0 0.875
0.440925419238128 0.730969768818059
0.43584746283442 0.792256552858356
0.499508569296177 0.687375712286046
0.483709033224857 0.616976448282163
0.605473147697445 0.754613175344251
0.51151096919406 0.763127855938634
0.588680418004789 0.842155026380508
0.121384311854102 0.829152420822195
0.583992723130889 0.619381499170586
0.697538298827294 0.596738050349055
0.696219867480999 0.649585460334823
0.801647991502637 0.723222748117824
0.686378443694306 0.708794620340689
0.373004087848123 0.619510151074058
0.423709475544912 0.567482088477721
0.474632289465933 0.519341239326112
0.423607325826047 0.471351078341304
0.487248033477122 0.425339812624711
0.60037558186334 0.432254282848449
0.935715393670119 0.447082308704787
1.06580849953873 0.473665935691169
1.16689525497146 0.471111251674021
1.15356210672787 0.525028149506711
1.05841460102025 0.554225214152861
1.01719678308526 0.512914982180382
0.801485063543166 0.578204147164912
1.99752422727282 0.174398887052009
1.13766741760874 0.712489653733511
1.03667596685873 0.757249498482521
0.84375 0.966850226751889
0.698245373126523 0.913692151326835
0.810233398049983 0.91342212841056
0.753489392021939 0.835794945315513
2.27937241021273 0.696886283923131
2.24860482299634 0.351870136050135
2.71205982965903 0.700207372607904
2.79911792139823 0.655438246723148
2.74776390491306 0.598519500123168
2.8340177252406 0.529633800721254
2.877331378033 0.603545501447054
3 0.6875
3 0.5625
2.91272418462746 0.716600710786171
2.90474356176815 0.663348127681184
2.90667158057064 0.559118345516182
0.40821411503107 0.896332600278588
0.228884381149542 0.928270218889707
0 0.8125
0.0937400460981015 0.776906050215826
0.916667991476025 0.72052313009365
0.854959077410476 0.677148176851098
0.903376150831141 0.629323298295356
1.02005002755621 0.638855579882836
0.675220108155056 0.865763897033657
0.578768305595415 0.902694852208282
0.5625 1
0.498056455042304 0.868918363622726
0.621830524051251 0.95348728774515
0.404968183955393 0.843161998733664
0.503761997705625 0.948552361609736
0.305366924763846 0.871292170389253
0.1875 1
0.665324408233833 0.801657003798665
0.723039086269321 0.757900443702983
0.831949666174476 0.780008143405484
0.865989087620682 0.833663684561599
2.74120093751242 0.513905654644936
2.90129215470867 0.492809135009843
0.116404364450006 0.888951593008751
0.203669113465368 0.860816972494501
0 0.9375
0.398538931580246 0.948721527875267
0.09375 0.96875
0.28125 1
0.30581473337515 0.95487317373716
1.94620944775978 0.933741769355384
1.85432248965846 0.951748888592816
1.89302727003315 0.895365197570664
2.03157464429848 0.897324760198656
2.06951591161442 0.946969765657365
2.17507489530335 0.959637084732692
1.96875 1
1.84590079705953 0.525183665140854
1.8521150413889 0.472858433642692
1.94107122471842 0.442148530253748
