189 14 13
61 53 513
23 74 4
190 194 37
194 199 192
242 49 16
511 49 278
243 285 286
129 128 109
36 78 75
240 236 11
384 281 383
60 511 513
189 236 35
235 82 38
4 74 235
271 43 272
231 216 233
74 75 34
65 51 9
238 15 14
34 79 82
22 237 74
244 44 245
116 114 115
274 275 270
34 75 79
74 237 36
119 123 125
236 189 12
68 52 19
54 508 510
190 35 193
21 241 237
239 46 6
508 46 248
4 235 5
14 189 238
235 74 34
55 50 510
37 238 189
358 232 283
240 10 47
37 189 190
198 195 39
46 246 248
241 20 48
83 80 40
37 194 197
49 276 278
91 246 82
6 5 239
10 56 47
20 58 48
16 15 242
6 54 7
56 10 9
56 271 272
58 20 19
58 244 245
206 276 197
16 60 17
57 271 51
54 50 7
51 66 67
30 273 270
70 59 52
246 38 82
65 66 51
60 53 17
46 54 6
24 63 62
50 62 63
64 8 7
51 56 9
65 8 66
59 244 52
52 58 19
73 68 69
49 60 16
25 69 71
69 68 18
72 18 17
50 55 62
63 66 64
7 50 64
63 64 50
9 8 65
8 64 66
63 24 66
51 67 57
19 18 68
66 24 67
72 69 18
71 69 53
25 70 73
17 53 72
73 70 52
53 61 71
69 72 53
68 73 52
25 73 69
22 74 23
75 74 36
80 78 36
79 84 77
112 117 106
93 84 104
75 78 86
31 91 95
36 237 80
76 112 86
75 86 84
79 77 82
83 40 285
78 80 250
121 307 117
87 103 97
89 82 77
89 91 82
241 48 285
288 287 33
75 84 79
77 90 89
100 111 249
110 31 95
76 86 78
84 86 81
84 81 104
89 95 91
89 90 95
246 46 239
90 77 93
90 93 96
98 90 96
88 247 31
91 247 246
84 93 77
92 98 101
96 93 87
94 96 97
249 94 97
95 90 98
97 96 87
98 96 94
104 99 103
111 120 85
101 98 94
95 98 92
99 104 106
108 109 123
107 97 103
108 97 107
108 249 97
92 101 85
118 111 100
94 111 101
104 103 87
107 103 309
93 104 87
104 81 106
306 254 308
102 118 122
81 112 106
76 115 112
309 103 99
108 107 105
109 108 105
118 119 122
133 132 124
125 128 132
86 112 81
95 92 110
85 101 111
252 113 121
116 115 76
112 115 117
306 106 117
78 250 76
115 114 117
116 250 83
288 289 116
121 114 252
117 114 121
118 100 119
120 118 102
100 123 119
125 123 109
254 307 292
118 120 111
294 295 293
108 123 100
119 27 122
125 109 128
146 140 133
125 137 152
129 124 128
127 369 129
105 311 129
124 132 128
306 308 99
168 166 131
105 129 109
133 139 132
127 368 369
136 141 139
132 137 125
369 149 133
140 143 136
143 140 138
152 151 27
140 139 133
300 302 313
153 134 154
160 126 167
255 142 138
155 170 143
141 154 139
152 27 119
255 149 150
339 182 176
167 166 147
168 141 136
255 138 146
136 139 140
154 134 137
132 154 137
177 514 176
135 158 156
148 135 156
155 147 166
133 149 146
170 166 168
142 148 138
140 146 138
180 315 171
259 148 142
138 148 143
147 156 158
369 133 124
148 156 155
149 145 366
303 300 295
259 179 514
125 152 119
137 134 151
137 151 152
139 154 132
141 130 153
153 154 141
148 155 143
131 166 167
178 158 135
147 155 156
157 177 172
165 174 159
162 158 157
147 158 160
162 165 164
171 165 162
160 158 162
165 159 161
126 160 163
161 163 164
164 165 161
164 160 162
160 164 163
171 162 175
171 174 165
160 167 147
131 130 168
131 167 126
141 168 130
170 168 136
183 182 185
180 181 315
143 170 136
166 170 155
175 162 157
180 172 183
157 178 177
338 381 324
172 180 171
174 314 159
185 188 183
316 319 317
157 172 175
171 175 172
259 178 135
182 339 325
157 158 178
177 176 182
259 257 179
177 178 514
142 255 256
258 341 257
335 332 169
317 315 316
183 177 182
172 177 183
340 335 176
263 338 328
344 342 343
180 183 188
180 188 181
331 184 327
188 185 324
328 185 326
333 263 327
324 328 338
316 323 322
325 326 185
181 188 187
12 189 13
190 189 35
193 35 195
238 197 41
232 219 230
211 280 209
190 193 201
229 227 207
35 236 195
279 201 193
190 201 199
194 192 197
198 274 273
191 193 195
212 213 211
208 199 209
204 197 192
204 206 197
240 47 274
39 274 198
190 199 194
192 205 204
282 280 223
229 32 224
279 193 191
199 201 196
199 196 209
205 224 204
223 280 222
276 49 242
205 192 208
205 282 226
224 205 227
203 277 32
206 277 276
199 208 192
204 224 206
202 205 208
209 196 211
202 208 209
211 210 280
210 213 217
279 212 196
211 196 212
216 234 233
210 211 213
267 268 266
212 218 213
357 232 358
234 218 212
210 217 222
216 230 219
219 217 213
213 218 219
215 515 222
234 269 233
218 216 219
225 356 214
215 217 219
215 232 357
223 349 226
191 195 265
214 231 233
215 222 217
222 220 223
347 223 220
282 205 202
387 26 283
32 206 224
232 215 219
223 347 349
228 200 207
205 226 227
226 349 228
207 227 228
226 228 227
231 230 216
227 229 224
230 231 356
234 216 218
214 356 231
356 388 232
232 230 356
191 268 212
214 233 221
82 235 34
268 234 212
235 38 239
11 236 12
195 236 39
21 237 22
80 237 40
197 238 37
238 41 242
235 239 5
246 239 38
236 240 39
10 240 11
237 241 40
20 241 21
238 242 15
276 242 41
40 241 285
44 244 59
286 245 44
83 287 288
48 58 245
58 52 244
248 246 88
31 247 91
88 246 247
88 42 248
248 42 508
100 249 108
94 249 111
83 250 80
116 76 250
114 251 252
289 114 116
251 113 252
121 290 292
121 113 290
105 107 309
149 255 146
256 255 150
256 258 257
299 258 296
142 256 257
260 341 258
370 368 302
379 336 337
148 259 135
142 257 259
258 256 296
260 305 337
374 150 366
150 296 256
328 326 263
262 159 314
173 321 381
198 265 195
323 316 181
267 266 30
266 265 198
267 30 221
269 221 233
269 268 267
191 265 268
268 265 266
268 269 234
221 269 267
39 240 274
43 271 57
275 272 43
273 30 266
47 56 272
56 51 271
266 198 273
47 272 275
270 273 274
270 275 43
47 275 274
276 41 197
278 276 203
32 277 206
203 276 277
203 45 278
278 45 511
201 279 196
191 212 279
280 202 209
222 280 210
284 359 357
200 349 382
280 282 202
223 226 282
422 421 414
359 515 357
364 473 365
348 385 351
286 285 48
243 83 285
245 286 48
243 286 44
289 288 33
83 243 287
116 83 288
33 251 289
114 289 251
113 253 290
290 253 293
293 295 291
310 308 254
293 292 290
292 293 312
294 29 295
293 291 312
150 149 366
293 253 294
291 295 300
303 295 29
258 299 260
299 296 304
367 298 366
303 371 297
304 296 374
305 378 379
29 301 303
302 300 297
372 304 371
303 297 300
367 368 370
380 310 313
303 301 371
367 373 298
261 377 372
375 376 377
377 376 299
106 306 99
307 306 117
292 307 121
306 307 254
312 254 292
129 311 127
99 308 309
105 309 308
313 310 312
380 127 311
105 308 311
380 308 310
313 312 291
254 312 310
300 313 291
380 313 302
174 315 314
314 315 317
315 174 171
316 315 181
323 181 187
264 318 319
264 319 316
262 314 317
319 318 320
317 319 320
318 2 320
2 262 320
317 320 262
322 264 316
324 321 187
187 321 323
321 173 322
322 323 321
188 324 187
182 325 185
327 326 169
326 325 169
326 327 263
331 332 329
184 330 333
346 263 344
185 328 324
334 327 169
331 334 332
184 333 327
329 184 331
339 169 325
144 329 336
338 346 186
344 330 342
327 334 331
169 332 334
176 514 340
332 337 336
329 332 336
335 337 332
340 337 335
376 305 299
342 3 343
345 173 381
176 335 339
169 339 335
179 341 340
340 341 337
341 179 257
337 341 260
333 344 263
333 330 344
343 186 346
263 346 338
338 186 345
343 346 344
350 220 348
352 347 350
351 352 350
384 28 281
349 347 352
228 349 200
220 350 347
351 350 348
365 395 396
353 351 385
432 428 434
352 384 383
403 408 407
365 392 395
353 403 407
220 515 361
400 396 398
284 355 359
388 225 387
393 392 415
357 358 389
361 359 355
359 361 515
385 361 355
365 389 364
220 361 348
393 417 362
283 364 358
365 284 389
416 283 26
363 415 416
417 415 363
424 393 362
367 366 145
366 298 374
367 145 368
367 370 373
369 368 145
302 368 127
149 369 145
129 369 124
302 297 370
370 297 373
372 371 301
304 374 373
301 261 372
299 305 260
297 371 373
304 373 371
374 296 150
373 374 298
299 304 377
379 378 144
375 305 376
372 377 304
375 377 261
336 379 144
305 375 378
337 305 379
127 380 302
308 380 311
324 381 321
338 345 381
281 382 383
383 349 352
349 383 382
352 351 384
384 351 472
361 385 348
401 385 355
232 388 283
396 284 365
388 387 283
356 225 388
357 389 284
364 389 358
419 422 411
399 463 409
404 401 397
407 412 472
411 422 414
446 395 392
406 462 457
392 393 390
405 411 402
400 401 355
446 392 390
395 394 396
398 396 394
284 396 400
398 399 397
353 401 403
398 394 475
400 398 397
440 390 438
393 424 390
401 400 397
400 355 284
403 401 404
401 353 385
405 404 397
411 405 409
408 391 407
408 403 402
405 397 399
402 403 404
405 399 409
402 404 405
472 412 28
428 433 431
351 353 407
414 408 402
386 391 408
409 463 462
409 406 411
446 440 475
496 498 495
419 411 406
408 414 386
407 391 412
414 421 386
402 411 414
413 422 423
473 392 365
363 416 26
473 416 415
283 416 364
447 463 475
415 417 393
390 424 438
420 419 406
413 423 354
436 433 435
354 423 428
422 419 423
413 421 422
418 443 426
429 419 420
427 438 439
431 436 442
432 354 428
439 424 443
424 362 426
516 439 453
429 428 423
433 429 420
419 429 423
437 430 434
433 436 431
428 429 433
435 457 449
434 428 431
433 420 435
434 431 437
430 432 434
410 447 448
445 453 456
448 449 410
474 430 437
431 442 437
442 468 437
439 438 424
440 438 427
444 439 443
453 439 444
447 440 427
398 475 399
471 425 437
436 435 450
450 451 466
469 436 450
426 443 424
444 443 418
418 360 444
453 444 360
458 464 452
435 451 450
395 446 394
390 440 446
448 447 427
447 410 463
516 427 439
435 420 457
458 448 516
466 452 459
451 435 449
452 464 459
448 458 449
456 478 464
450 467 469
466 467 450
461 456 455
453 445 516
476 454 482
360 460 453
460 455 456
458 445 464
406 457 420
410 449 457
464 445 456
451 449 458
464 478 479
437 468 471
485 483 486
453 460 456
485 491 484
409 462 406
410 457 462
399 475 463
410 462 463
479 459 464
451 458 452
452 466 451
459 481 494
467 466 459
479 488 459
468 469 465
469 468 442
501 493 502
469 442 436
465 469 467
0 470 507
505 471 504
504 468 465
503 504 465
384 472 28
351 407 472
416 473 364
392 473 415
446 475 394
437 425 474
475 440 447
490 517 441
461 455 476
494 481 495
456 461 478
478 461 479
480 479 461
479 480 488
461 482 480
480 482 484
489 481 488
467 459 494
476 482 461
484 454 483
454 484 482
483 485 484
487 477 485
489 488 480
490 496 495
459 488 481
487 486 1
486 487 485
491 480 484
492 477 490
481 489 490
491 492 489
492 491 485
480 491 489
477 492 485
489 492 490
495 481 490
465 498 499
490 441 496
494 495 498
503 501 502
498 467 494
499 498 496
441 497 500
465 467 498
496 500 499
500 497 501
441 500 496
501 497 493
507 506 0
499 500 501
505 504 502
499 503 465
501 503 499
504 503 502
505 502 470
504 471 468
470 425 505
425 471 505
470 502 507
502 493 506
506 507 502
510 509 55
54 46 508
54 510 50
508 42 509
509 510 508
513 512 61
60 49 511
60 513 53
511 45 512
512 513 511
259 514 178
340 514 179
222 515 220
357 515 215
458 516 445
427 516 448
490 477 517
