0 0
0 1
3 1
3 0
1.73776412907379 0.577254248593737
1.70225424859374 0.646946313073118
1.64694631307312 0.702254248593737
1.57725424859374 0.737764129073788
1.5 0.75
1.42274575140626 0.737764129073788
1.35305368692688 0.702254248593737
1.29774575140626 0.646946313073118
1.26223587092621 0.577254248593737
1.25 0.5
1.26223587092621 0.422745751406263
1.29774575140626 0.353053686926882
1.35305368692688 0.297745751406263
1.42274575140626 0.262235870926212
1.5 0.25
1.57725424859374 0.262235870926212
1.64694631307312 0.297745751406263
1.70225424859374 0.353053686926882
1.73776412907379 0.422745751406263
1.75 0.5
1.5 1
1.5 0
0.75 1
2.25 1
0.75 0
2.25 0
1.125 1
1.875 1
1.125 0
1.875 0
1.81235729998934 0.582008771669771
1.18764270001066 0.582008771669771
1.81235729998934 0.417991228330229
1.18764270001067 0.417991228330229
1.7728279433749 0.71975027943066
1.2271720566251 0.71975027943066
1.7728279433749 0.28024972056934
1.2271720566251 0.28024972056934
1.6875 1
1.3125 1
1.6875 0
1.3125 0
1.70669167077695 0.802965840607498
1.29330832922305 0.802965840607498
1.70669167077695 0.197034159392502
1.29330832922305 0.197034159392502
1.57265603841565 0.872114358250057
1.42734396158435 0.872114358250057
1.57265603841565 0.127885641749943
1.42734396158435 0.127885641749943
1.61904174739263 0.774502769604577
1.59375 1
1.38095825260737 0.774502769604577
1.40625 1
1.61904174739263 0.225497230395423
1.59375 0
1.38095825260737 0.225497230395423
1.40625 0
1.546875 1
1.5234375 0.906763067731581
1.54085992793532 0.800271533953753
1.45914007206468 0.800271533953753
1.47510562097611 0.892601567997237
1.453125 1
1.54085992793532 0.199728466046247
1.4900624488044 0.12613524000797
1.546875 0
1.453125 0
1.45914007206468 0.199728466046247
1.53157294138071 0.0866766922322639
1.79466030858142 0.5
1.85101291441747 0.5
1.90437457155615 0.321944132973716
1.90437457155615 0.678055867026284
1.8651384993612 0.395921316026755
1.8651384993612 0.604078683973244
1.8284046459656 0.308010824875043
1.95032710432543 0.498042188675189
1.84132034454912 0.733218149705343
1.81861513251835 0.149998245833548
1.9154669233831 0.575914483895149
2.0625 1
1.90053195832845 0.471009350145183
2.0019200623917 0.6605733044011
1.78125 1
1.88482525275765 0.760402732312941
1.95808498809068 0.779515261208326
1.84816831358082 0.842220146478948
1.96875 1
1.95368178921661 0.681243124651064
2.04741964634825 0.819428372060236
1.91360023318355 0.88572712619292
2.00715340946895 0.760069217971744
2.0609317056694 0.698456072377606
1.9936413501478 0.881041517654374
2.06500373255022 0.470291959986392
2.16140093358078 0.806848529525263
2.03908553743039 0.915017119734947
2.15625 1
2.04687919551587 0.583225493745921
1.99549947082008 0.554705458051192
2.15518650197112 0.590469488610842
2.00418587887831 0.426650883176468
2.10051016449076 0.618106775369266
2.14003877193566 0.700756145869901
2.22931556739537 0.690499985432741
1.921875 1
2.10651129404533 0.8892841255723
1.95154046627758 0.384744166804729
2.0625 0
1.98362108669828 0.186119910178658
1.95357519512999 0.276383642350202
1.89787889269554 0.164842056657349
2.01866670098226 0.297916625616264
2.15457042176494 0.902970373228584
2.22219470253056 0.873160474706341
2.109375 1
2.06425126784418 0.162887617979573
2.203125 1
2.20839949658451 0.779123850468198
2.31910038822199 0.613307010843827
2.27715299120794 0.789845038091059
2.625 1
2.24151391862781 0.494456809022346
2.28148480447558 0.685758837018736
2.25332828896653 0.596936919668938
2.4375 1
2.53125 1
2.34832840433941 0.749289965468685
2.38918518331016 0.6336071856157
2.34375 1
2.592428984453 0.617045151720948
2.46162795165225 0.791334771089978
2.32751599390699 0.873291917832119
2.49343920770581 0.612808601037903
2.40724966679103 0.745828140235551
2.45185313299027 0.685344262244926
2.41153101844935 0.878076388490577
2.50994507003613 0.507503071160987
2.50687888271574 0.719843778107119
2.625 0
2.36657220200517 0.451810676467999
2.43872228306773 0.571279591433163
2.59253409108266 0.815069917277947
2.54261228762067 0.645003936581323
2.39282510052333 0.535272422096158
2.44314639627991 0.413711576948489
2.296875 1
2.2734375 0.903837953251488
2.390625 1
2.37013240129627 0.832915502714494
2.54844776455633 0.771985693469245
2.58941667193324 0.71606404151825
2.67868941600586 0.677234594823015
2.6408637851073 0.759283592133606
2.8125 1
2.64424210136135 0.882623274955331
2.71875 1
2.71137706204823 0.813412968580051
2.671875 1
2.6953125 0.909828311677837
2.76027172267968 0.899560924613093
2.54734739797695 0.888255120702808
2.59615096629638 0.916394360497917
2.484375 0.912479447380353
2.75580623922444 0.251710061446492
2.50750776905229 0.825990450101551
2.77096625948484 0.776705614759884
2.74577799369447 0.649230306301218
3 0.5
2.80467610372754 0.851732933524785
2.71845375157045 0.722836762565417
2.68741176579679 0.425373369047749
2.7008100677569 0.553764136232836
2.64648687932829 0.584495910054688
2.59417352224411 0.43280078551916
2.79912993266476 0.680754084294748
2.85432255093293 0.694702765284795
2.74636545215823 0.467756528625279
2.78810515739321 0.559037692171241
2.8125 0
2.80420269474059 0.445781497253127
3 0.25
2.88169410159157 0.528014189945625
2.8332395554417 0.523494085652172
1.20533969141858 0.5
1.14898708558253 0.5
1.09562542844385 0.678055867026285
1.09562542844385 0.321944132973714
1.1348615006388 0.604078683973245
1.1348615006388 0.395921316026755
1.1715953540344 0.691989175124957
1.04967289567457 0.501957811324812
1.15867965545088 0.266781850294657
1.18695552825196 0.805392728033201
1.0845330766169 0.42408551610485
0.9375 0
1.09946804167155 0.528990649854817
0.999545005072693 0.333687464975354
1.21875 0
1.11517474724235 0.239597267687059
1.0443770483648 0.222822709297007
1.15183168641918 0.157779853521053
1.03125 0
1.04732444038538 0.319281422424815
1.02984894000384 0.411578647271431
0.945657183213008 0.480074089714098
0.997516935647555 0.493831764421215
1.01777613925742 0.647282982706014
0.964532245718337 0.593325813579944
0.9375 1
0.854712682431549 0.60362050929965
0.946760585253136 0.795531418811917
0.90889655475799 0.567498357970499
0.971006794377185 0.699828653211967
0.900790063062696 0.69947345716453
0.849787313885487 0.393453317385625
1.03125 1
0.89161436276157 0.463803970986478
0.919563228733564 0.312423919011587
1.0866735062847 0.114763451571752
0.84375 1
0.9683006381432 0.191457264005801
1.03004475643151 0.113242065536503
0.984375 0.0546511115740692
1.078125 0
0.892826118261356 0.806747965669397
0.924652464879148 0.89459935664987
0.824416888605468 0.74222489802144
0.984375 0.921312824113581
1.01262127738519 0.802137512883246
1.77426071675249 0.62983580621928
1.22573928324751 0.62983580621928
1.77426071675249 0.37016419378072
1.22573928324751 0.37016419378072
1.72748562596149 0.722338022102101
1.27251437403851 0.722338022102101
1.72748562596149 0.277661977897899
1.27251437403851 0.277661977897899
1.78125 0
1.61470386222962 0.0847263134855274
1.6597942244932 0.113050198988033
1.77097859484489 0.860603644804774
1.81361251092884 0.919249615392312
1.734375 0.942604044626636
2.09991248868981 0.77840112375821
1.8694314998411 0.248635089196809
1.96875 0
2.01737524609324 0.0834220809056971
2.15625 0
2.10499183345787 0.3161945735353
2.46442609489407 0.495133941600789
2.49316822360449 0.413252909854483
2.54330180380642 0.430654875838765
2.52685321345945 0.32264069824474
2.56776505536961 0.523955799564437
2.57063971596474 0.251364784695065
2.4375 0
2.90625 1
2.87063200306734 0.213030566305671
3 0.75
1.12893485417804 0.786994055792538
1.12819115303533 0.893587451347512
1.078125 0.940979485555
1.07042492857993 0.783716306367202
1.03316699592984 0.894593256629792
1.21875 1
1.38529613777038 0.915273686514472
1.3402057755068 0.886949801011967
1.1825217628227 0.915982885943836
1.24050531773606 0.869630966053352
1.2891102481965 0.906965943597263
1.22902140515511 0.139396355195227
1.18638748907116 0.0807503846076878
1.265625 0.0573959553733645
1.06287303938308 0.600211099429112
0.95564247027078 0.381909553263714
0.84375 0
0.962311955322214 0.281561800806994
0.779336381800836 0.862022131229016
0.716711113063843 0.565510533936709
1.76205060741517 0.167778729936345
1.72200570974246 0.0888119177249312
1.828125 0
1.8515625 0.0821487080968046
1.921875 0.0627482276840776
2.109375 0.0794655810148353
2.20281859878184 0.204913027711551
2.12277492042196 0.198984818088201
2.16499669741056 0.115671793751523
2.203125 0
2.2265625 0.102597612144832
2.46790941711565 0.305342354344868
2.30537905259789 0.237938093358463
2.3880819072054 0.297879695302185
2.50690490710596 0.184185653581192
2.25642752033988 0.192498201824079
2.34375 0
2.25104364890301 0.343887029682467
2.28310470435217 0.0922568630648482
2.43102085373698 0.172170025753907
2.57377896873189 0.111369661344706
2.05871135619467 0.36595807232731
2.06425719742296 0.261188000579488
2.13759418583428 0.447838099605001
2.10614469415338 0.521727590504318
2.17368692374778 0.330113598899049
2.18638294332733 0.499422865113519
2.16203461106164 0.243111551413365
2.21437608133441 0.291826814876745
2.859375 0.915146572623821
2.85472519413185 0.805119354151637
2.92464301168246 0.748888278819709
2.90477605807617 0.852065270442288
3 0.875
2.95434656909506 0.831005562395438
2.95681661284362 0.9375
2.94047373430721 0.507700927611538
3 0.625
2.92034825776537 0.625088880420532
2.88718810841469 0.428201001481408
2.76631991843032 0.362396085846736
2.81634906005174 0.286047383928342
2.80384179561955 0.143593298015898
2.85939528867099 0.341921808303641
2.71875 0
2.90625 0
2.765625 0.0615351372556127
2.70468132713949 0.145050362572558
2.859375 0.0841464059396759
2.75286832171505 0.155001970530199
2.68621863939299 0.282790036132472
2.671875 0.0570683357502214
2.63451400824385 0.181248657441893
2.93191462664225 0.309525396104949
2.71871104024792 0.353014094888791
2.63933055330231 0.3556710942164
2.59229211545399 0.336953850275889
2.953125 0
3 0.125
2.9296875 0.1328125
3 0.375
2.95290696315908 0.2200545384182
0.861291148686313 0.272392614812405
0.774379691453261 0.302074113617556
0.900390537718215 0.155740194761974
0.815068290732476 0.254823243063505
0.763046833854011 0.1693375324858
0.847176339337112 0.168931926389896
0.699944568410973 0.259191310247251
0.375 0
0.718128919693243 0.409785475034439
0.870688782554408 0.90581262596855
0.783024651136625 0.623489110109026
0.761632246967853 0.741546575772355
0.772782582924667 0.489664209569662
0.375 1
0.765237683596652 0.395585022906594
0.5625 1
0.65625 1
0.728702639314073 0.826343971630292
0.682642842235696 0.703294849807698
2.39917428133957 0.387056565373169
2.35435799813432 0.362006766232959
2.30114836135588 0.439179331292038
2.33036568102383 0.517895906020366
2.30135967953993 0.338398598975028
2.34651445635625 0.133128017188254
2.390625 0.0627853064130923
2.3537482302914 0.229178665485235
2.4289329712419 0.261505722113039
2.53125 0
2.52621037380166 0.0958640565836567
2.47201483861556 0.10107992624715
2.578125 0
2.61954697413272 0.0927680866027029
2.20929428229348 0.405991931145834
2.95060425777562 0.406123704110537
0.890625 0
0.8671875 0.0827034798283582
0.815274018006552 0.0869151930144154
0.730928336815075 0.323914691767568
0.5625 0
0.796875 1
0.8203125 0.914635600962318
0.729252246884731 0.663653576510059
0.568539526199388 0.764132322147095
0.65625 0
0.630825441303754 0.77298189003786
0.595541429102817 0.885141048485433
0.606111110260816 0.587570694129761
0.63442044849306 0.671770931330436
0.661308096823052 0.574474728488765
0.622973296231255 0.400016796479902
0.628840644788724 0.498935797448805
0.544811400898619 0.468716926922839
0.669673591915421 0.439092284976638
0.663984474850123 0.33512561701238
0.585961805590922 0.222168194576436
0.644179127656718 0.225582578609344
0.613906878188869 0.303234945466971
0.569722468930377 0.369881123946186
0.469662628314511 0.330978122447454
0.690295454524624 0.121370166591779
0.616804059561974 0.105640135445
0.516949383402777 0.378651679499776
0.451049973298154 0.522467644862368
0.520695363719248 0.246146369631779
0.703125 0
0.46875 0
0.543227509689962 0.124180401790074
0.654809288811958 0.881441574352731
0.703125 0.938407289474999
0.609375 1
0.46875 1
0.469977554562829 0.227919929885335
0.399189575431515 0.278585692437364
0.515625 0
0.4921875 0.0951995507323276
0.421875 0.105301350848858
0.522620792051391 0.877672350748513
0.1875 0
0.515625 1
0.476190289710103 0.708649591561498
0.375592007249395 0.0933294497820978
0.393326190203525 0.18293341435578
0.28125 0
0.305037543493672 0.201007060293697
0.328125 0
0.351725828854583 0.241678627886595
0.3046875 0.0950391064096914
0.342744680128397 0.428412418217527
0.305373164034846 0.326991926330998
0.225504050558748 0.149071661360005
0.516690889118624 0.7741678508039
0.456399173984507 0.840416316611929
0.53648200484422 0.64240112575347
0 0.5
0.250653149814662 0.264580796155704
0.481741924894566 0.914274407421522
0.430637505687334 0.930095117329977
0.36403045268354 0.793919054746807
0.582464386088437 0.671713963132114
0.486472634344848 0.603215441821172
0.427644959437253 0.634989658111782
0.384398451774862 0.533010221428857
0.282687012481767 0.43868120941645
0.317845407916943 0.553549061594835
0.314304333520485 0.648358079765415
0.380684709153768 0.894581351748169
0.1875 1
0.28125 1
0.31390906751158 0.882930684880916
0.408204991097073 0.409614205286219
0.361513431778852 0.659498588035761
0.228855031035672 0.610166226459146
0.328125 1
0.234375 0.870936147565829
0.456504503420497 0.425225315014469
0.496177551043272 0.483359776589912
0.291732391470652 0.732029678808282
0.135695684735186 0.295991059136135
0.266322429602118 0.53767276327252
0.186635352564276 0.447907333332085
0.19095958711712 0.247861969822789
0.214234163083805 0.350084037274808
0.09375 0
0.177626436669697 0.155659114233686
0.735611765306105 0.091113429521166
0.681811664640307 0.800546161419902
0.234375 0
0.560341173260017 0.559336987604699
0.234375 1
0 0.75
0.276169925289415 0.82314677722109
0.224991853749077 0.741111982479298
0.164583794642235 0.824844578744638
0.155946310788615 0.667263201316253
0.190033813998748 0.90509984091745
0.09375 1
0.133884618029561 0.920053775910302
0.0703125 0.872665719262648
0.046875 1
0 0.875
0.180458232327457 0.741626507412053
0.13193299515554 0.752265732919674
0.0685966333770406 0.62462649881718
0.11314580683147 0.83707924597602
0.0696643813269655 0.748640303281704
0 0.25
0.177160003384826 0.560869779517114
0.120630924747273 0.577440913244443
0.0686765433734946 0.486623708758929
0 0.375
0.126913138963404 0.45821293130519
0.0849453756669057 0.367062649680789
0.0433510323606519 0.408631432093977
0.0370586626301475 0.3125
0.069867428225294 0.159488642337941
0.0855927405755991 0.260897059496056
0.123959661000633 0.181517734896726
0.13900035937752 0.0706906089152065
0 0.125
0.046875 0.0588197732532754
1.65504345399279 0.885098848392143
1.640625 1
1.61234368279542 0.916830875691804
1.34495654600721 0.114901151607857
1.359375 0
1.38765631720458 0.0831691243081961
2.64178764773496 0.479049213660963
0.829741359506181 0.500646916142279
0.41856219823803 0.750837993231957
0 0.625
