0 0
0 1
3 1
3 0
1.73776412907379 0.577254248593737
1.70225424859374 0.646946313073118
1.64694631307312 0.702254248593737
1.57725424859374 0.737764129073788
1.5 0.75
1.42274575140626 0.737764129073788
1.35305368692688 0.702254248593737
1.29774575140626 0.646946313073118
1.26223587092621 0.577254248593737
1.25 0.5
1.26223587092621 0.422745751406263
1.29774575140626 0.353053686926882
1.35305368692688 0.297745751406263
1.42274575140626 0.262235870926212
1.5 0.25
1.57725424859374 0.262235870926212
1.64694631307312 0.297745751406263
1.70225424859374 0.353053686926882
1.73776412907379 0.422745751406263
1.75 0.5
1.5 1
1.5 0
0.75 1
2.25 1
0.75 0
2.25 0
1.125 1
1.875 1
1.125 0
1.875 0
1.3125 1
1.6875 1
1.3125 0
1.6875 0
1.78953222150519 0.603699595356222
1.21046777849481 0.603699595356223
1.78953222150519 0.396300404643777
1.21046777849481 0.396300404643778
1.75808913196023 0.834141156737742
1.21875 1
1.75698444138298 0.168426230121884
1.17069382304969 0.15129464283405
1.734830809153 0.680068215631985
1.70254888454052 0.805080089168942
1.265169190847 0.680068215631985
1.29745111545948 0.805080089168943
1.734830809153 0.319931784368015
1.70254888454052 0.194919910831057
1.265169190847 0.319931784368015
1.29745111545948 0.194919910831058
1.78487840490377 0.5
1.84848223831516 0.527099998670123
1.81916533816581 0.461058881937493
1.84261508501998 0.27108562011688
1.82195982877038 0.356151186713044
1.78125 0
1.86917059595758 0.394220654971855
1.76631274777825 0.331483974661722
1.79918652361564 0.241281562820914
2.18848892099371 0.657630398133093
1.93734589027977 0.570684579452535
1.79483086354619 0.117554733925586
1.828125 0
1.88591647855466 0.274378598134388
1.89496291574011 0.511296062039645
1.84060569979865 0.133024100017904
1.91686873310689 0.383754852638334
1.88285543289566 0.754866423000821
2.0625 0
1.92589729181234 0.478412677215226
1.99881435829676 0.669296965410134
1.96358133670228 0.488860097194821
1.94959982609543 0.812739519517927
1.96875 1
1.91459776462021 0.728455909657235
2.08853629257279 0.59830750782895
1.90097601616979 0.638479648636596
1.90710183515458 0.195474657142863
2.03057845458382 0.54710874915082
1.85881541622153 0.650291717427012
1.96875 0
1.79758833247356 0.701707913891674
1.82544468874259 0.60998743069819
1.83103090480983 0.712847394012278
1.78125 1
1.76602964757968 0.666691011009221
1.93812557685556 0.235511552255064
1.98224422748805 0.32784063088817
1.91523576895747 0.293809584815577
1.94625951065845 0.333846479927778
1.87252609300494 0.176972515554192
1.93727633287739 0.113237274739355
1.921875 0
1.89546287456676 0.0912163438949609
1.98583508886041 0.171365615421107
1.96797433817291 0.0940440033553633
2.015625 0
2.00004131887741 0.084605265656955
2.0390625 0.0940726111008062
2.10636951266957 0.171680971193817
2.15625 0
2.07636426903879 0.104400696900317
2.109375 0
2.05177042844325 0.296971718712738
2.0731564261061 0.211133355357402
2.11298188255309 0.36732925525938
2.08569693079899 0.306148647606608
2.0625 1
2.1328125 0.0897699733700212
2.19757704942175 0.169529652328424
2.15211642991326 0.225225899307279
2.16894416796797 0.102249378034924
2.203125 0
2.04238581587861 0.396258305060242
2.00618839346404 0.410519200589452
2.14894784169683 0.601012011717972
1.921875 1
1.97271575747792 0.593984836065343
2.12983997563399 0.46602234751382
2.15826589919261 0.360017928782916
2.19103608850895 0.526410271297461
2.15625 1
1.94801569346106 0.678175629959996
2.12042796449805 0.266234541778819
2.2265625 0.0924848899253855
2.625 0
2.25759614460386 0.285156894416515
2.23302207528308 0.201950534291687
2.4375 0
2.20932276036574 0.339207212838915
2.34375 0
2.1807382349054 0.282132359697642
2.27258827941872 0.124489162062628
2.296875 0
2.3203125 0.12471814562461
2.29639360929468 0.231110029679223
2.390625 0.161459481006525
2.30893160410426 0.464465067987022
2.34870619290051 0.259563367657046
2.35764110494713 0.105673369628184
2.390625 0
2.29169290598643 0.353092094491962
2.33106505729411 0.365938345242705
2.24909036959625 0.480133303423487
2.6015625 0.249289331286827
2.27806465851885 0.439770628008002
2.28214083576542 0.579882851587773
2.25149964838987 0.381921258078244
2.44380040201625 0.329237803386952
2.40274345508956 0.406569456950373
2.42565021680986 0.181991720197568
2.4140625 0.0807297405032624
2.3535364221158 0.483008934968096
2.625 1
2.53125 0
2.44937721928364 0.102018416265024
2.484375 0
2.36881426909879 0.355928371405937
2.23145396041636 0.63187845190346
2.48906695836256 0.119523054679471
2.52288148372746 0.228722572995871
2.32345586492016 0.721333486141604
2.40106927195646 0.280244215089491
2.4375 1
2.56110365767275 0.277511049780083
2.578125 0
2.48477058668827 0.268189357940685
2.25258008064375 0.568880140508587
2.26359231402003 0.665495647852071
2.22232230392319 0.540938710021793
2.45926243463025 0.200078030597839
2.16422271433981 0.461698305490288
2.21137567472579 0.442651954089588
2.5546875 0.154392314474172
2.6015625 0.114728782699828
2.5546875 0.0611854909254636
2.48088760121274 0.398990048171199
2.52359940981385 0.107788902699818
2.59800951932455 0.478567289165958
2.52583734545187 0.36702466078963
2.58900796691561 0.36242512343264
2.66213808316124 0.372624398713863
2.55807382123169 0.445213532175213
2.6250935710779 0.39846448042653
2.55833266695693 0.674275338074163
2.51352448374801 0.511615773117601
2.65888493927494 0.582553541332367
2.56897112583246 0.559634923277777
2.63333548057903 0.504805384278721
2.61149743913825 0.656915083349095
2.53567048291959 0.593585431137073
2.53125 1
2.49417099295432 0.626584383726138
2.8125 0
2.42118824957442 0.71790809209406
2.62706276574822 0.182009056993328
2.66225412454665 0.187722966583828
2.64404233458851 0.278240979864125
2.67875775198997 0.281142487565454
2.71875 0
2.72450531480233 0.415269707214792
2.671875 0
2.71580797918636 0.162404611527745
2.64638923919817 0.088928030739707
2.4619726237042 0.703123607094395
2.44718528037115 0.849669184548709
2.43511103940092 0.549897954798934
2.46223722637634 0.604902649579433
2.4665878290714 0.497891226352612
2.6953125 0.0776209245407686
2.43736514324621 0.435244997761881
1.21512159509623 0.5
1.15151776168484 0.527099998670124
1.18083466183419 0.461058881937492
1.12715198461235 0.33816711105294
1.17169500088805 0.330019556888047
1.14821634940486 0.422324938614903
1.08795462969192 0.49226994831354
1.24341204411163 0.169347693262635
1.21875 0
1.23358076625986 0.330797509561157
1.2026774106093 0.302109321358834
1.14754874092597 0.241849220710678
0.984375 0
1.12891899527715 0.127096596524744
1.1111567406982 0.240086138726894
0.9375 0
1.10439998368171 0.407999860169951
1.12073572183864 0.493268198100473
1.11613525864414 0.673888293135244
1.10404907634456 0.580280398229481
0.958135318583924 0.407365821817219
1.06659962958796 0.584666161526603
1.06470512256837 0.431478534607727
1.03125 0
0.9375 1
1.04758562186127 0.182510600589151
1.80897204478532 0.851496215386929
1.68035390688426 0.726382915290944
1.59375 1
1.31964609311574 0.726382915290944
1.34464628584684 0.817700323993161
1.68035390688426 0.273617084709056
1.66554445720693 0.16850965235766
1.31964609311574 0.273617084709056
1.33463664614583 0.168049962866543
1.73216910869017 0.226098994228368
1.734375 0
1.69526470829107 0.0972930067425207
1.72691001223433 0.128848007291662
1.7578125 0.0695548384878161
1.96839412118397 0.246371753671499
2.01421658555588 0.255835750535641
2.07929550925992 0.417190440140027
1.97475447702711 0.742708491198394
2.03016387881157 0.83395732483865
1.98870723163124 0.863488762413293
1.90928471240309 0.85586766705663
2.21519081844173 0.723127411431558
2.10051066844507 0.809691311383781
2.11894146918872 0.559572672740838
2.1183323046361 0.682036970169027
2.07135834699764 0.74290332945111
2.015625 1
1.9453125 0.919128504045295
1.8984375 0.94141064828825
1.85923416809801 0.871753401558014
2.0390625 0.929719900539709
2.0670411268283 0.854718671935767
2.13547280916928 0.842980853081328
1.828125 1
1.85277835276203 0.780087311801238
2.203125 1
1.8046875 0.941837366807446
1.77594598891583 0.909182505567624
1.734375 1
2.15911892639403 0.689657705154622
2.18383566298253 0.756438685511082
1.7109375 0.913597221385774
2.91320313036553 0.365426541068893
2.52249948767613 0.69586424333962
2.75944268415632 0.105570268252405
2.72106338401769 0.288556473080128
2.75479705020811 0.211847422752217
2.76125268429646 0.342508799247198
2.82174425798885 0.199312269992529
2.87158620493203 0.443302113670446
2.78946931845149 0.263195824202588
2.79008661873684 0.160684824065068
3 0.5
2.80124089923726 0.385716338526373
2.8125 1
2.82625043566644 0.307123806935827
2.90625 0
2.8052296929217 0.576843178488621
2.83511888340132 0.407632097699783
2.86562763450927 0.329628902918657
2.89646597425064 0.530881298433975
2.85372783837244 0.23403664177643
2.859375 0
2.91616397254478 0.218547604957677
2.85173206624442 0.56965939243445
2.76655352057276 0.486499061347534
2.89436697940529 0.288301129436213
2.88404906990994 0.193755916776349
2.90831487832923 0.110454554419611
2.953125 0
3 0.25
2.82728432105532 0.503540787618451
2.90625 1
2.71875 1
2.9532989225027 0.137667543825187
2.79744708892077 0.478080053333337
2.83166185982902 0.758572530878453
2.88464471155442 0.659758704068004
2.72170421361895 0.577465115758604
2.95536851510825 0.299368361554111
2.82984604266636 0.652784543524059
2.78391103366963 0.712914931260085
2.92368188179421 0.79877811639745
2.86572906047203 0.745724017078005
2.859375 1
3 0.75
2.73657448000756 0.498460999306327
2.75556509810151 0.582728087627005
2.70271359552501 0.493198027437925
2.9705516202416 0.216649810992839
3 0.125
3 0.375
2.95418737871904 0.446727136751959
2.91784681248115 0.617849758635593
2.93073557482637 0.522193925528246
3 0.625
2.96684768480763 0.552664110491356
2.95950316158935 0.6875
2.96429199450472 0.80890326897467
3 0.875
2.953125 1
2.92877006283221 0.705990226855545
2.94145115973886 0.8953755329271
2.34375 1
2.38645619296712 0.60280726608286
1.26808843236741 0.226697539685938
1.265625 0
1.2731361926435 0.130695443161028
1.30455745697988 0.09716943840802
1.2421875 0.0701169548699642
1.20806614503758 0.123589956612082
1.171875 0
1.1484375 0.0575878734432384
1.03125 1
0.970578976844383 0.688015706388753
1.73288037628683 0.77555404701137
1.78558125595811 0.788707923385944
1.640625 1
1.31501646006487 0.895563130766291
1.265625 1
1.278718015985 0.898395989910557
1.2421875 0.914423483000966
1.25784647497836 0.797105566232461
1.17990089768226 0.832567075857069
1.2259258055533 0.718550435258765
1.20719624126402 0.899847350150569
1.18311285084656 0.703623238328803
1.171875 1
1.22555319859505 0.817559629070147
1.14610192156462 0.760157814228624
1.14188056549391 0.885090958666326
1.10147532063413 0.809695282243738
1.17573838304949 0.60179314580074
1.14904626187887 0.660976695572441
1.07535387721062 0.70929301334866
1.04981233616433 0.849881760583789
1.02345452218937 0.677022811362465
1.40625 1
1.359375 1
1.38432077550853 0.78322584063069
1.41804574520308 0.87089064924263
1.3734434225601 0.893265408226192
1.46008719852983 0.81693908033975
1.453125 1
1.49710012854992 0.875
1.44784354321988 0.905470211343452
1.53998693515135 0.821151635116126
1.58142658046168 0.871189385878627
1.6159513970216 0.794173022233685
1.65515627031383 0.820160680091977
1.67659219332637 0.901559770288772
1.62898656360084 0.896333059609297
1.546875 1
1.52800870354703 0.915921496805965
1.59375 0
1.61210028083343 0.279990811166237
1.60207187374232 0.140498704771123
1.546875 0
1.640625 0
1.66369330441341 0.0701355189165296
1.63528970861343 0.12428969430988
1.57124391821944 0.167572559441205
1.53862712429687 0.256117935463106
1.5215671785854 0.125
1.5703125 0.0690582126265199
1.40625 0
1.453125 0
1.38789971916657 0.279990811166237
1.39792812625768 0.140498704771123
1.36821662773532 0.194264851934601
1.359375 0
1.33610080849503 0.0695772008845635
1.3678892026157 0.0954556945764614
1.47367384007665 0.129874613620655
1.46137287570313 0.256117935463106
1.43609582859093 0.154105876939822
1.4296875 0.0622116888397245
2.04035140606184 0.193908771146422
1.99764411985374 0.512143728973439
2.0336563975185 0.718783994139409
2.00594468033366 0.76928426526966
2.109375 1
2.0952421314875 0.908912270904574
2.1328125 0.937030418153573
2.16557905766849 0.898008596202969
2.21411823085214 0.863509196472829
2.25283755844184 0.79594394255284
2.28741250629913 0.752384429244072
2.296875 1
2.2776456960055 0.827889280591452
2.31368428304916 0.826407117190741
2.25468621031676 0.900736291741812
2.3727097864069 0.819184008293742
2.3203125 0.926304465277477
2.58737452417151 0.733383098420786
2.62699630825137 0.773397738098751
2.578125 1
2.64620089597783 0.682878542581168
2.69116446309694 0.676662178410002
2.73639009810119 0.710065831254191
2.62531025796586 0.886644327338645
2.670417657105 0.792713715079435
2.671875 1
2.5487940552009 0.810221400695929
2.765625 1
2.6953125 0.894827737634626
2.58638081398534 0.854482321915828
2.5546875 0.917312427647126
2.51324600464149 0.882832950173931
2.75972023468251 0.776088911288353
2.79556690023498 0.826356173989836
2.72478258926249 0.822112326969643
2.75551836904274 0.889742439505627
2.66018501576588 0.90046441877739
2.484375 1
2.82665955433871 0.854983644123983
2.70010286013542 0.765759689709226
2.7890625 0.926317289117289
2.47853147796534 0.896444085115286
2.4912683793221 0.783582474595731
2.765625 0
2.7890625 0.0649881048903503
2.82063605070323 0.0969384923992907
2.73029320575282 0.0833241226882297
2.8557795450719 0.125086944195186
2.8359375 0.941866494318167
2.8662346023464 0.864848649277642
2.89144408150664 0.804313821442689
2.90917069352886 0.885810185727205
2.66762903429836 0.47772608322224
2.38757269493387 0.499439249501338
2.41670600948881 0.625368146042378
2.34366120642658 0.608038468985782
2.36639014383984 0.703452368038222
2.3111347814938 0.628693957774507
1.078125 1
1.0546875 0.94069493746983
1.02549959119066 0.908212795418088
1.08014024564824 0.881813110203562
0.984375 1
1.01482076159089 0.793386565534953
0.986338397121177 0.879108483800787
0.982065943439144 0.780884681318031
0.936881729471288 0.848521313613705
1.11083809416602 0.912662369336226
0.993908663389516 0.54797092223329
1.04537671977056 0.751453565326461
2.05399123056385 0.629416818513959
2.390625 1
2.3671875 0.922503989385979
2.40578742971508 0.888083727046413
2.40295401768019 0.794416153420261
0.957507623683103 0.923514338744804
0.84375 1
1.03063297506803 0.559564621103247
0.996002712496694 0.638621828505751
1.01689802797781 0.421853054556352
1.078125 0
1.0775438038281 0.313093399479052
0.959695089220619 0.584186318621972
0.910874889765666 0.687293143559883
1.04377442233496 0.345591347737322
1.07917654410612 0.213715172078678
1.02490902789188 0.255500677790747
0.831970188856432 0.566327874934104
1.07337089608445 0.107091393501937
0.986442950716574 0.453806269863506
0.989694664867418 0.335100659615568
0.933004351020148 0.21043629048023
0.955232591564186 0.297803127737184
0.894658493901906 0.367374060339248
0.971035936451256 0.192483610302813
0.921531900325604 0.305838848022919
0.84375 0
0.947091693771547 0.107494543776955
0.873258978870907 0.199684676506383
1.00864985476439 0.141839675886617
1.10302179255046 0.0701913225585495
0.881928102990094 0.0998314692632936
0.90363535016679 0.179870242328382
0.890625 0
0.805293600813804 0.194946352824996
0.841927493353328 0.121889758822462
0.914874378435417 0.0757685286900258
0.796875 0
0.809390917381426 0.0942447454997118
0.76522836691501 0.129173893294589
0.746395508419251 0.375133944211386
0.767374182757213 0.260121680687369
0.375 0
0.815909088083425 0.382397343474709
0.683093383246882 0.303918252451622
0.799126657977995 0.294520227449241
0.838751200720176 0.26510128615814
0.781092949654087 0.383877548013636
0.799024452169878 0.493943305421148
0.760883148122899 0.481688976513771
0.870123222099063 0.299419817792219
0.856207833772535 0.418478728337052
0.772712618614682 0.690658171480076
0.690675102498256 0.505459225987046
0.776621238988826 0.581168789157196
0.724661718442113 0.463870644733634
0.806452023805321 0.646125637932497
0.737103714282736 0.576491088563472
0.5625 0
0.856599264973435 0.713832464991251
0.811175567818799 0.815630095487309
0.711396693711057 0.36630781409852
0.722375110638829 0.232509682009708
0.895754497376252 0.530532575516477
0.65625 0
0.703125 0
0.682185873003434 0.16648135214023
0.548013909840783 0.105503618886428
0.718219980482321 0.112179010815946
0.6796875 0.0685613417649898
0.637684708912031 0.127453291962317
0.609375 0
0.5859375 0.114212617449003
0.511616953649037 0.321951457664439
0.46875 0
0.515625 0
0.461705696662033 0.231680504185095
0.515625 0.165322190793255
0.4921875 0.0826610953966277
0.375 1
0.545544174223589 0.20229444576234
0.562507784510865 0.28495933460691
0.452622060318521 0.112390713021584
0.387492996976621 0.219783068860105
0.421875 0
0.425165198779471 0.193965224743782
0.421407940256945 0.404895279566817
0.398280527530772 0.101177238693453
0.413254559953584 0.297821966976607
0.28125 0
0.354795370027129 0.394216261696559
0.379440371830235 0.320995803283213
0.1875 0
0.32435365923265 0.228061409651455
0.352896938568325 0.120466605664287
0.328125 0
0.243070613910851 0.247494445861713
0.3046875 0.110823175573386
0.283154753661004 0.216795513112242
0.299027477220762 0.377997495175679
0.234375 0
0.270237869045367 0.315876303834411
0.1875 1
0.230158513221229 0.376423161708896
0.267738833340598 0.417400829112897
0.306666902285552 0.564097564485786
0.202311335215108 0.149964959444704
0.253491099433099 0.119077322878953
0.237804808631102 0.488891608867218
0.2109375 0.0607319801322763
0.224734639965744 0.596770616682415
0.272235855458327 0.526494586676502
0.16752315074432 0.473321702505096
0.270912996640021 0.698067571224116
0.203395899658932 0.451372055464867
0.174529998129344 0.301585768917585
0.209976042082059 0.28794837737042
0.890625 1
0.8671875 0.863791315595687
0.9140625 0.925110256705758
0.901196287160642 0.821720212364554
0.885961134890106 0.741498628739931
0.880450641364866 0.640072926582315
0.979586501506804 0.0969906076929369
0.478323734859685 0.623833261317694
0.824479323809172 0.726948935822152
0.759182391219414 0.843892557243385
0.922200163375408 0.447321368885362
0.928814798447775 0.545668554077352
0.862018274209533 0.518856399667847
0.608373094697844 0.241760833505883
0.579440842623595 0.206030308125448
0.648463082002901 0.243305306172344
0.637002480307094 0.421577144669147
0.628069546088602 0.323957297264933
0.588369987685932 0.409140867307715
0.545166121560698 0.403791899283167
0.591122315524902 0.3176538431934
0.577690386945505 0.531867495269463
0.5625 1
0.535929891873267 0.512046811110499
0.507969046099429 0.438218514930789
0.546910547962245 0.618825667215041
0.465217572888948 0.409187764447655
0.501871885461606 0.543568157396966
0.465877508283186 0.519749009361039
0.41059639978118 0.637982314012429
0.443794939733903 0.602253864391697
0.515625 1
0.415363897678259 0.521172345395738
0.36181165537851 0.56078174927514
0.387230554334607 0.448458804576792
0.613684750794292 0.739039071423651
0.585948716847934 0.650681695018169
0.625383608498338 0.564022825838578
0.55725950642281 0.815091639129734
0.581086005001052 0.747777812005599
0.65625 1
0.549341882974158 0.718260448728757
0.609375 1
0.46875 1
0.513062750461081 0.676259264105377
0.610908972719602 0.477909381057246
0.655637870059572 0.510745012721625
0.676267647887087 0.693705224633036
0.494226574420502 0.23917020705036
0.328757583132496 0.32897504729509
0.324424245633034 0.463075868567426
0.210201075238497 0.801779193971772
0.256640708288065 0.61124480390653
0.236068411528095 0.695649648604983
0.28125 1
0.193676824305412 0.684095458972905
0.25259266246118 0.81333338360385
0.187511196733119 0.570990439670741
0.09375 0
0.123759344736699 0.660332819710311
0 0.5
0.147402426798506 0.378778922334744
0.09375 1
0.108501096592528 0.563884754013289
0.149197436143156 0.574317142326277
0.0856510347178549 0.482040825371811
0.126517720484743 0.471818647457744
0.157439663058465 0.848797507071688
0 0.75
0.103304459311232 0.376906587379867
0.138086940850394 0.267819300369338
0.0716622813995383 0.586820414456577
0 0.25
0.1661551096934 0.189058092232565
0.0428340742437325 0.491387698737421
0.120513621697459 0.127063188600745
0.0616508889777029 0.379865146248001
0 0.375
0.0813305196790478 0.233028707451369
0.0306033097229724 0.402766498523325
0.0375219619926799 0.286321229573851
0.046875 0
0.317975779212891 0.836125096350079
0.234375 1
0.178588103210931 0.772446053678374
0.143594789284208 0.749747605787574
0.10702195931459 0.853989201720754
0.0251764191362749 0.626297862896938
0.0517225805636732 0.202680551887081
0.0785587343425963 0.112206245409629
0.286582180962749 0.79121784421432
0.313907574313243 0.691413076879068
0.289067648919285 0.896793033726037
0.328125 1
0.2109375 0.913347842067087
0.0622111802928241 0.75272172582539
0 0.125
0.3345925389263 0.615314728302201
0.370547258212914 0.688426761420419
0.255113597625662 0.916881718275344
0.3515625 0.902170051682842
0.352413620443887 0.788390728394976
0.519028572620113 0.791897088992429
0.0537458287486714 0.663007911155359
0.0888313006108902 0.680211530491811
0.031206507836883 0.730600550759839
0 0.875
0.402933861521608 0.751535352003888
0.833608665392408 0.898042371444776
0.796875 1
0.7734375 0.931923299781374
0.782184278383069 0.780178376466992
0.446387236709834 0.323474396180046
0.6796875 0.91575873249116
0.569810792578048 0.90501271651892
0.438419928627013 0.713983372869865
0.395259481078943 0.882134686663623
0.488616211660958 0.884482563609493
0.478850582154153 0.750490254907173
0.432648892907246 0.834579616776113
0.421875 1
0.532342353483467 0.899237511023433
0.463481949003434 0.830770106301171
0.44926568247794 0.920105931724299
0.65177541730606 0.844845549196896
0.600335594422419 0.842457065324676
0.6328125 0.927925412623343
0.701782643823046 0.612195343049933
0.73129454422171 0.699860784839578
0.140625 1
0.1171875 0.940739487357515
0.1640625 0.939441792330249
0.140625 0
0.152817728157484 0.0952246210417053
0.111992783660169 0.216888724096068
0.161263367289956 0.666305655786822
0.0358062768195097 0.104244621765845
0.110535570152624 0.755221484694836
0.038354034496266 0.84705080227041
0.703125 1
0.687434007992253 0.803421229380667
0.720066660269218 0.886114595012422
0.731356655022548 0.796067200387942
0.647267530229805 0.744840571039357
0.646823566548533 0.642996780166973
0.671917058835054 0.589279208162588
0.046875 1
0.0703125 0.909637639502611
2.06508458123762 0.516396117634738
0.940651761127803 0.743556520015786
0.673253096273895 0.409303819334077
