13 12 39
249 410 16
4 23 38
45 351 225
247 252 51
349 348 347
249 248 53
247 246 20
188 191 193
56 86 54
11 48 12
528 549 550
407 25 414
359 34 361
112 104 115
46 5 4
359 245 382
12 48 39
242 6 5
383 381 9
13 41 14
22 21 50
245 359 49
252 247 400
50 61 22
10 245 244
55 60 68
51 253 250
181 163 160
353 228 32
25 398 404
8 387 385
248 16 15
40 23 22
278 279 42
392 391 358
46 356 5
52 15 14
54 38 23
392 390 391
13 215 41
529 528 550
373 215 39
41 215 217
346 15 52
55 86 56
278 241 277
89 85 357
374 370 233
365 39 48
65 69 62
57 58 62
219 41 217
222 348 346
89 4 38
356 89 42
5 356 47
47 282 391
49 48 11
49 361 363
244 49 11
21 20 246
250 21 51
21 250 50
246 51 21
61 44 62
224 14 41
346 224 222
53 15 346
413 406 409
23 40 54
54 40 56
60 55 56
68 83 55
62 40 61
58 56 40
94 57 69
58 60 56
250 61 50
58 57 60
65 62 44
62 58 40
67 60 57
68 64 80
22 61 40
44 250 253
126 121 258
44 254 65
75 64 73
73 70 93
93 75 73
62 69 57
66 69 65
81 92 67
65 59 66
70 68 60
70 60 67
176 175 123
66 33 69
420 266 259
257 122 264
64 68 73
85 86 87
80 83 68
74 420 421
76 258 260
68 70 73
256 255 98
126 64 121
31 269 120
80 126 78
418 102 105
79 264 265
261 71 78
109 257 110
92 70 67
102 72 105
122 123 175
80 78 71
75 121 64
80 71 83
255 95 99
95 90 81
82 118 117
261 78 76
261 270 71
86 38 54
90 92 81
97 95 81
87 83 275
279 282 42
55 83 86
87 86 83
275 83 71
85 89 38
357 87 241
241 278 357
4 89 46
38 86 85
69 33 97
255 93 90
93 70 92
256 118 91
93 92 90
94 81 67
75 93 91
57 94 67
96 84 95
94 97 81
69 97 94
33 96 97
95 84 99
95 97 96
98 99 101
102 418 101
102 101 100
99 98 255
84 101 99
84 100 101
102 100 72
103 112 114
91 255 256
488 266 420
105 106 112
106 104 112
105 103 108
107 108 110
118 256 117
105 72 106
108 418 105
103 127 110
107 256 418
105 112 103
74 258 121
103 110 108
107 257 117
75 419 121
126 80 64
116 113 115
115 114 112
123 114 135
257 753 117
123 122 109
127 114 123
116 29 128
114 115 113
122 175 119
115 104 116
257 107 110
78 126 76
75 91 118
419 75 118
63 262 281
272 263 423
260 268 76
63 124 173
162 262 63
123 109 127
135 133 123
427 262 172
119 124 63
133 113 131
128 113 116
119 175 124
109 122 257
147 150 171
421 260 258
110 127 109
103 114 127
134 138 137
113 128 131
136 128 29
130 145 151
139 130 136
139 136 138
131 130 133
475 141 473
131 128 136
149 151 145
123 133 176
131 136 130
114 113 135
113 133 135
136 137 138
143 144 140
136 29 137
142 138 143
138 134 143
130 139 145
174 154 159
173 171 162
138 142 139
140 154 166
141 145 146
146 145 139
140 144 155
142 143 140
146 139 142
143 134 144
145 141 149
154 140 155
158 181 160
149 150 147
173 176 147
163 159 160
146 161 156
150 149 141
149 147 151
428 172 475
428 430 427
176 151 147
133 130 151
425 125 424
166 161 142
164 168 183
174 170 152
154 155 159
180 183 189
164 177 168
144 132 155
196 211 212
169 179 158
155 132 159
166 154 152
214 180 212
178 177 179
178 179 169
163 170 174
159 132 160
159 163 174
162 171 172
488 753 79
152 170 180
153 471 161
163 181 164
178 169 129
141 156 473
183 180 170
192 182 187
184 187 182
166 142 140
153 161 166
200 207 213
426 262 427
154 174 152
141 146 156
164 170 163
172 171 150
162 63 173
146 142 161
472 471 210
176 173 124
147 171 173
153 166 152
431 165 433
260 77 268
258 76 126
176 124 175
176 133 151
462 461 197
179 181 158
177 178 148
148 168 177
181 177 164
170 164 183
181 179 177
208 472 211
184 168 148
186 168 184
191 186 182
183 168 186
148 201 187
184 182 186
148 178 199
185 204 329
193 191 182
183 186 189
148 187 184
470 192 187
449 460 444
189 194 196
194 186 191
186 194 189
202 204 185
306 204 288
182 192 193
191 188 194
470 187 185
192 190 193
298 322 328
438 436 193
435 188 193
284 194 188
167 489 491
284 188 444
196 194 284
208 211 196
200 201 199
201 202 185
460 196 284
345 156 471
207 199 178
199 207 200
288 204 286
294 288 291
187 201 185
148 199 201
200 202 201
129 205 207
129 207 178
200 206 202
447 436 441
213 203 464
203 213 205
202 206 286
213 207 205
434 490 344
471 472 345
444 188 435
431 428 165
214 153 152
196 212 189
472 208 198
211 210 212
471 214 210
189 212 180
287 206 285
200 213 206
180 214 152
210 214 212
13 39 215
373 217 215
363 365 48
232 220 216
220 217 216
220 219 217
216 374 234
231 499 218
222 224 225
219 45 225
220 232 231
219 220 218
234 233 375
478 482 481
226 219 218
229 226 218
225 224 41
223 350 351
14 224 52
225 41 219
226 45 219
223 351 352
218 499 229
45 226 228
229 503 518
229 228 226
506 503 240
237 499 231
237 495 497
221 234 236
508 510 512
220 231 218
237 231 221
373 216 217
221 231 232
498 32 518
221 232 234
216 234 232
496 495 377
497 507 508
236 237 221
370 372 233
495 237 236
237 497 502
539 617 505
234 375 236
497 486 507
237 502 499
240 502 504
5 47 242
508 502 497
274 88 277
282 35 391
394 385 387
390 242 47
11 10 244
10 380 245
359 379 34
381 380 9
400 37 252
402 397 19
397 401 396
15 53 248
53 349 249
249 412 413
16 248 249
252 253 51
61 250 44
252 37 251
254 251 59
51 246 247
252 251 253
65 254 59
254 253 251
253 254 44
93 255 91
255 90 95
98 101 418
256 107 117
121 419 74
119 264 122
260 267 77
420 74 488
260 271 267
172 262 162
270 261 269
268 261 76
276 125 425
273 423 263
271 259 272
265 264 119
264 79 753
280 119 63
273 265 280
79 265 266
273 263 265
77 120 268
271 260 259
268 120 269
269 31 270
268 269 261
274 270 31
275 241 87
272 259 266
111 267 271
273 280 281
111 271 272
266 263 272
424 423 273
71 270 275
274 277 270
241 275 270
265 119 280
265 263 266
278 277 88
270 277 241
279 35 282
278 42 357
425 426 276
278 88 279
281 280 63
262 426 281
111 272 423
392 243 388
282 47 356
288 294 306
436 447 435
459 455 167
195 448 437
286 287 288
202 286 204
285 464 461
286 206 287
462 463 292
287 291 288
291 287 292
333 283 320
289 302 296
458 466 295
296 291 289
318 305 301
461 462 285
296 294 291
285 292 287
289 291 292
297 309 303
290 299 300
294 296 299
305 321 298
316 299 312
204 306 327
331 311 330
301 290 283
302 308 307
315 304 309
296 302 300
296 300 299
308 304 307
305 312 290
300 283 290
283 300 307
290 301 305
462 197 463
465 289 463
310 315 309
302 465 308
298 312 305
316 306 294
321 318 324
327 328 319
302 307 300
304 283 307
302 289 465
308 465 309
331 310 3
304 308 309
332 333 320
309 297 310
320 283 304
298 306 316
290 312 299
301 334 318
157 454 443
322 298 321
157 441 454
299 316 294
304 330 320
298 316 312
466 467 325
450 440 322
333 293 337
335 333 337
190 439 438
204 327 329
330 304 315
333 332 293
318 321 305
322 321 317
456 458 451
328 322 440
341 343 340
318 342 468
334 342 318
321 324 317
337 334 335
325 295 466
469 467 468
328 327 306
329 327 319
298 328 306
446 314 443
319 190 329
190 192 470
315 310 331
311 320 330
342 339 323
315 331 330
320 311 332
283 333 335
335 334 301
337 336 338
283 335 301
293 336 337
337 338 334
336 326 338
339 338 326
342 338 339
340 343 339
343 323 339
341 340 2
339 326 340
469 468 323
342 323 468
334 338 342
434 430 431
313 343 341
489 490 491
198 492 474
473 345 474
224 346 52
350 347 348
350 348 222
348 53 346
417 414 416
349 347 36
53 348 349
351 350 222
223 347 350
225 351 222
351 45 352
32 352 353
353 45 228
45 353 352
483 484 754
375 233 372
515 230 227
89 356 46
282 356 42
89 357 42
87 357 85
389 6 390
359 361 49
245 49 244
43 362 360
34 360 361
361 360 362
362 43 366
49 363 48
361 362 363
365 363 369
366 368 364
365 367 39
369 362 366
365 369 367
368 30 371
364 367 369
370 367 364
374 216 373
362 369 363
366 43 368
364 369 366
364 371 370
370 371 372
368 371 364
354 477 476
485 371 30
376 375 372
39 367 373
367 370 374
374 233 234
367 374 373
479 485 476
496 486 495
478 376 477
478 481 376
236 375 377
487 377 375
379 382 378
380 10 9
379 359 382
382 245 380
383 9 8
378 381 386
380 381 382
378 382 381
8 385 383
385 384 386
387 8 7
383 386 381
384 385 24
385 386 383
378 386 384
7 388 387
393 394 388
388 7 389
24 385 394
7 6 389
390 6 242
358 391 35
388 389 392
392 358 243
47 391 390
389 390 392
388 394 387
388 243 393
24 394 393
404 402 403
396 19 397
395 399 401
20 396 401
404 403 18
405 398 395
401 400 247
400 401 399
37 400 399
401 247 20
401 397 395
18 414 404
404 398 405
397 405 395
402 19 403
405 397 402
404 405 402
410 249 413
412 36 411
16 410 408
36 412 349
17 408 409
410 409 408
404 414 25
406 407 417
349 412 249
412 411 413
406 413 411
409 410 413
17 416 415
409 416 17
409 406 417
414 18 415
415 416 414
414 417 407
409 417 416
107 418 108
418 256 98
118 82 419
419 82 74
421 420 259
488 74 82
260 421 259
74 421 258
425 424 273
111 423 422
125 422 424
423 424 422
281 425 273
425 281 426
428 427 172
27 276 426
426 427 432
475 172 150
429 430 434
431 430 428
344 429 434
429 432 430
474 165 473
27 432 429
426 432 27
427 430 432
208 209 198
436 435 193
490 431 433
490 434 431
441 157 437
438 193 190
442 438 439
444 448 449
435 447 444
439 190 319
439 319 440
440 319 328
453 451 458
457 440 452
442 454 436
460 449 459
438 442 436
451 322 317
446 443 454
454 442 446
314 453 445
442 439 457
314 446 452
441 437 447
448 447 437
449 448 195
447 448 444
459 167 209
460 459 209
451 450 322
450 453 452
456 451 317
458 456 466
457 446 442
440 450 452
453 314 452
451 453 450
454 441 436
467 317 324
449 195 455
456 467 466
440 457 439
446 457 452
295 445 458
453 458 445
460 209 208
449 455 459
196 460 208
444 460 284
463 303 465
464 285 206
463 197 303
285 462 292
292 463 289
213 464 206
461 464 203
309 465 303
456 317 467
468 467 324
313 325 467
318 468 324
323 343 469
343 313 469
467 469 313
185 329 470
190 470 329
161 471 156
471 153 214
211 472 210
198 345 472
475 473 165
156 345 473
198 474 345
165 474 433
428 475 165
141 475 150
478 477 354
477 376 479
479 376 372
483 482 484
481 377 487
372 371 485
476 477 479
482 478 480
478 354 480
377 481 483
493 480 239
483 355 496
481 482 483
484 482 493
238 498 506
504 512 517
476 485 30
372 485 479
499 502 240
240 504 517
375 376 487
481 487 376
753 488 82
266 488 79
344 490 489
492 209 491
491 490 433
492 491 433
167 491 209
474 492 433
209 492 198
480 493 482
607 493 239
486 497 495
605 494 606
377 495 236
483 496 377
500 496 355
754 500 355
613 505 547
500 235 507
551 616 501
486 496 500
228 518 32
500 754 501
499 503 229
606 608 607
714 715 713
517 227 238
518 503 506
240 503 499
504 502 508
513 538 520
500 507 486
527 28 525
238 506 240
508 235 510
508 507 235
504 508 512
513 509 510
513 511 538
235 615 513
512 510 509
616 615 235
534 539 531
515 512 509
227 611 515
235 513 510
523 519 516
523 526 514
524 509 520
519 524 520
512 515 611
514 521 519
519 520 516
518 228 229
238 240 517
498 518 506
515 524 230
513 520 509
524 521 230
523 514 519
534 523 516
539 534 538
537 535 536
526 523 522
524 515 509
521 524 519
526 522 527
525 526 527
514 526 525
529 533 535
529 527 522
618 620 622
585 582 581
533 529 522
528 543 549
522 534 533
541 755 549
535 528 529
528 537 543
556 554 557
522 523 534
533 531 535
538 534 516
531 533 534
536 531 539
535 531 536
537 536 542
528 535 537
544 542 536
540 545 542
538 516 520
538 511 539
551 539 511
536 539 505
540 542 544
732 733 652
561 653 565
541 549 543
544 536 505
545 543 537
545 537 542
558 559 552
610 505 617
505 613 544
716 614 747
541 543 545
561 568 569
554 556 550
608 484 607
716 544 613
548 613 606
713 715 548
557 558 552
549 532 550
527 529 550
551 511 615
501 609 610
554 550 532
557 553 556
556 28 527
619 568 555
572 562 570
565 568 561
28 556 553
527 550 556
558 557 554
552 553 557
620 554 532
558 560 559
623 625 622
619 618 625
546 559 560
563 565 566
566 565 653
530 575 582
555 568 565
619 555 560
555 563 546
563 566 562
561 569 624
555 546 560
565 563 555
573 570 564
618 560 558
566 564 570
621 650 623
570 562 566
625 569 619
572 570 575
586 585 581
576 571 573
717 576 573
570 573 575
573 571 575
631 561 629
637 633 635
654 579 578
572 575 530
717 573 564
574 639 579
579 571 576
571 581 582
586 589 584
586 581 587
574 579 576
586 595 585
584 591 604
581 571 579
571 582 575
595 586 584
585 583 582
530 582 583
586 587 589
589 591 584
577 583 585
587 581 654
594 597 595
601 661 658
600 602 662
594 580 597
577 585 595
592 589 587
592 591 589
587 654 655
584 604 594
657 593 601
594 595 584
587 655 599
596 592 599
574 633 637
596 657 598
596 591 592
603 666 675
577 595 588
591 596 602
603 604 602
580 588 597
595 597 588
592 587 599
598 662 602
658 660 598
596 599 657
664 709 668
696 702 703
661 656 658
598 602 596
602 600 603
680 678 675
668 669 664
602 604 591
604 603 678
713 606 494
493 607 484
610 609 547
239 605 607
606 607 605
609 606 547
754 608 501
501 608 609
606 609 608
505 610 547
551 501 610
227 517 611
512 611 517
633 629 632
626 641 630
606 613 547
613 548 716
630 632 628
649 612 632
513 615 511
616 235 500
501 616 500
551 615 616
539 551 617
610 617 551
558 620 618
622 532 755
568 619 569
560 618 619
554 620 558
622 755 621
748 640 749
623 624 569
532 622 620
622 621 623
647 719 730
645 731 718
626 624 623
561 624 629
622 625 618
623 569 625
578 639 638
598 660 662
624 626 628
633 631 629
628 626 630
641 640 644
629 624 628
628 632 629
651 750 749
630 649 632
717 574 576
717 653 631
633 612 635
632 612 633
574 631 633
720 635 612
699 661 704
723 720 612
635 634 637
630 641 646
567 705 721
638 637 634
579 639 578
722 707 726
702 655 638
574 637 639
638 639 637
641 626 642
541 545 732
623 650 626
640 730 644
642 650 651
640 641 642
723 612 649
644 646 641
719 643 730
644 643 646
627 726 719
745 718 729
630 646 649
718 731 729
647 627 719
722 726 636
636 648 722
707 646 643
707 649 646
651 650 621
626 650 642
755 651 621
732 750 541
545 733 732
715 26 614
631 653 561
566 653 564
579 654 581
655 654 578
638 655 578
599 655 593
685 684 682
657 658 598
593 657 599
658 657 601
695 697 661
660 658 656
695 661 601
699 688 590
700 709 742
669 662 740
695 696 687
567 698 705
740 662 660
671 669 668
600 666 603
740 689 690
666 674 675
656 689 660
600 671 666
672 691 690
600 662 669
670 671 668
743 710 700
738 678 680
600 669 671
678 594 604
674 671 670
674 666 671
676 670 668
681 670 679
699 672 656
735 734 667
681 674 670
679 692 665
683 693 694
683 674 681
603 675 678
676 708 692
679 676 692
739 674 683
680 694 663
594 678 738
670 676 679
580 594 738
684 665 682
739 680 675
684 685 681
679 684 681
0 686 741
665 684 679
685 682 677
694 693 741
683 681 685
686 663 694
683 685 693
696 695 601
659 697 698
656 672 689
659 704 697
690 689 672
735 672 736
664 669 740
743 673 710
690 691 742
709 708 676
665 692 673
677 693 685
696 601 593
680 739 694
0 741 701
697 695 687
593 702 696
638 703 702
687 705 698
659 688 704
699 590 736
687 698 697
661 699 656
751 711 743
708 710 692
655 702 593
693 677 701
703 638 634
724 721 712
703 706 696
699 704 688
661 697 704
687 706 705
712 706 703
696 706 687
703 634 712
721 705 706
721 706 712
676 668 709
710 708 700
664 690 742
700 708 709
743 711 673
692 710 673
667 752 735
667 751 752
634 635 720
712 634 720
715 714 26
548 606 713
729 748 745
713 494 714
715 614 716
716 540 544
715 716 548
653 717 564
574 717 631
640 729 730
746 614 26
627 636 726
730 643 644
724 712 720
726 643 719
725 567 721
728 724 727
722 727 723
649 707 723
722 723 707
727 720 723
722 728 727
707 643 726
728 721 724
728 722 648
720 727 724
648 725 728
721 728 725
748 729 640
645 718 744
730 729 731
645 647 731
730 731 647
733 545 540
652 749 750
747 540 716
26 744 746
700 752 743
736 734 735
672 735 691
699 736 672
590 734 736
680 737 738
680 663 737
580 738 737
674 739 675
694 739 683
689 740 660
664 740 690
694 741 686
693 701 741
700 742 691
664 742 709
752 751 743
652 733 745
747 745 733
744 718 746
733 540 747
745 746 718
614 746 747
745 747 746
749 640 642
745 748 652
651 749 642
652 748 749
541 750 651
652 750 732
711 751 1
752 700 691
735 752 691
117 753 82
264 753 257
483 754 355
608 754 484
549 755 532
651 755 541
