38 31 28
97 17 27
79 91 65
31 29 28
38 48 32
63 76 13
32 33 38
21 29 5
19 45 39
39 40 97
53 29 27
19 18 45
61 63 16
38 33 31
5 22 21
83 73 79
34 22 26
37 24 34
4 35 22
3 35 4
97 27 20
2 35 3
64 68 69
34 26 37
98 30 9
4 22 5
54 13 68
29 21 27
5 29 30
22 34 23
36 37 26
30 6 5
47 38 28
7 42 46
1 37 36
34 24 23
37 0 25
37 1 0
9 31 33
98 42 6
35 2 36
29 31 30
9 30 31
21 20 27
36 2 1
35 36 26
37 25 24
67 84 87
48 50 32
22 35 26
7 46 8
30 98 6
49 48 38
52 47 28
44 49 55
18 40 45
40 39 45
42 41 46
41 8 46
28 53 52
48 49 44
49 38 47
44 60 50
64 69 62
59 55 58
43 51 55
44 50 48
58 51 16
28 29 53
43 47 52
17 53 27
52 53 17
43 55 49
43 49 47
16 54 58
73 81 79
10 50 60
59 58 54
51 58 55
54 68 60
44 55 59
44 59 60
60 59 54
16 63 54
54 63 13
64 10 68
13 76 73
72 71 66
60 68 10
56 91 79
68 13 69
71 69 70
71 70 66
71 62 69
69 13 70
72 66 67
74 62 71
89 80 85
74 72 57
75 80 89
11 90 86
72 74 71
87 80 57
63 61 76
56 79 77
73 76 81
61 77 81
85 84 78
86 88 12
72 87 57
61 81 76
77 79 81
100 99 93
94 65 91
12 88 78
79 65 83
84 85 87
80 87 85
89 90 75
88 85 78
72 67 87
85 88 89
88 86 90
82 95 92
90 89 88
93 94 100
95 94 91
91 56 92
95 100 94
93 65 94
92 95 91
100 82 101
101 102 100
102 14 99
39 97 20
40 17 97
9 41 98
42 98 41
82 100 95
99 100 102
102 101 96
14 102 96
101 15 96
