0 1
0.651245844791914 0.758866819436234
0.988417725816607 0.151757699282531
0.848908986937773 -0.528539054277244
0.3 -0.953939201416946
0.3 -1.4
1 -1.4
3 -1
3.2 -1.8
1 -2.3
1 -5
2 -10
0.5 -10
0 -6
-0.5 -10
-2 -10
-1 -5
-1 -2.3
-3.2 -1.8
-3 -1
-1 -1.4
-0.3 -1.4
-0.3 -0.953939201416946
-0.848908986937773 -0.528539054277244
-0.988417725816607 0.151757699282531
-0.651245844791914 0.758866819436234
-1.66533453693773e-16 -4.44089209850063e-16
-0.65 -1.85
-0.0272741398821523 -2.69545344675833
0 -1.99444444444444
0.65 -1.85
0.439157235766675 -2.37509992773703
1 -3.65
1 -2.975
-0.522304102974464 -0.107109120153703
0.32660488396331 -0.421429934123541
0.466113622842143 0.258866819436234
-0.185132221949771 0.5
0.356485135754649 -3.3125
-2.01941932430908 -1.19611613513818
-2.1 -2.05
2.1 -2.05
2 -1.2
-1 -3.65
0.235726565804949 -4.325
-2.59533147489593 -1.52616713127602
2.58571428571429 -1.52857142857143
-0.359418394045848 -3.32988248874961
0.489160310053404 -3.84177516585115
-0.091619858145599 -3.84524799837232
1 -4.325
-1 -4.325
-1 -2.975
-0.41164888467566 -2.31214220326269
-0.228929673764025 -5.22892967376402
-0.382136717097525 -4.3950288979827
-1.5 -7.5
1.5 -7.5
-0.537299514162806 -4.85456017015657
-0.0463669798201389 -4.76436440077095
0.494946655531828 -4.80167320432628
-1.25 -6.25
1.25 -6.25
-0.692767581558994 -5.78616209220503
1.125 -5.625
-0.25 -8
0.125 -7
0.25 -8
0.545191507763871 -5.41596169844723
0.645679370189289 -6.04586412596214
0.0625 -6.5
0.669545760978171 -6.67802552987773
0.746761462142692 -7.43009231723216
-0.125 -7
1.375 -6.875
1.75 -8.75
-0.516216445350377 -6.4432854443312
-1.375 -6.875
0.375 -9
-0.787990196078431 -7.31740196078431
1.625 -8.125
-0.868181920011552 -6.81316216522526
-1.75 -8.75
-0.1875 -7.5
0.3125 -8.5
0.821074573585079 -8.69033442830187
1.25 -10
0.716319522430681 -8.19561630969616
0.961883588595805 -9.36928935997867
1.27070013138056 -8.95116493235915
1.875 -9.375
-0.985574303134993 -8.02643575783748
-1.625 -8.125
-0.375 -9
-0.601591424828144 -8.46386357189648
-1.1811660506639 -8.58537793298884
-1.25 -10
-1.47613636363636 -1.85
1.47613636363636 -1.85
-0.4375 -9.5
-0.909983844256975 -9.04914893505962
-1.875 -9.375
-0.95495916633992 -9.56928510469763
