19 18 38
17 16 28
47 59 35
104 38 32
28 16 30
46 17 28
109 111 69
46 58 34
41 69 63
36 61 60
15 36 30
30 56 28
19 38 48
40 36 14
29 6 31
37 63 62
54 64 11
13 50 40
99 46 34
10 54 11
17 46 18
40 14 13
59 47 29
55 65 21
23 52 41
7 47 8
31 5 37
41 37 4
31 57 29
37 5 4
55 21 20
5 31 6
36 15 14
58 46 28
40 67 61
180 182 67
8 39 9
15 30 16
175 39 33
7 6 29
9 39 49
29 47 7
41 4 23
173 47 35
37 62 71
36 60 45
38 18 46
104 103 48
39 8 47
175 174 49
50 13 12
51 61 67
52 23 22
53 63 69
49 10 9
42 176 174
48 20 19
43 105 103
71 62 76
248 80 81
44 56 45
57 31 71
73 44 45
32 38 99
76 83 71
33 39 173
64 12 11
43 103 104
42 174 175
64 50 12
45 60 73
36 40 61
65 22 21
65 52 22
56 30 45
37 41 63
49 54 10
54 49 174
48 55 20
55 48 103
79 70 80
70 58 56
88 44 73
82 59 57
56 58 28
34 58 25
57 59 29
35 59 24
90 201 197
70 25 58
67 40 50
61 51 230
97 130 126
70 79 25
69 41 52
63 53 159
176 246 174
177 187 188
105 244 103
106 116 117
45 30 36
98 96 77
176 26 191
178 180 67
71 31 37
43 27 105
105 27 120
107 109 69
213 248 81
82 85 24
142 249 87
44 88 80
93 95 213
229 89 73
229 230 223
213 95 210
70 56 44
82 24 59
158 96 76
100 102 142
158 159 152
142 102 139
78 79 80
80 70 44
89 88 73
93 89 91
83 57 71
82 57 83
92 83 76
249 86 87
83 92 86
85 82 86
86 82 83
84 85 86
96 92 76
100 96 98
60 229 73
80 88 81
91 89 74
88 89 93
182 184 186
203 95 202
62 158 76
74 198 91
182 186 51
217 215 94
202 93 91
93 81 88
86 92 87
209 210 207
240 211 241
197 91 198
111 113 115
92 96 100
132 102 131
38 104 48
77 127 98
111 115 53
146 144 101
131 100 98
100 87 92
46 99 38
138 139 136
169 140 170
126 98 127
110 118 108
43 104 32
55 244 65
125 123 128
52 107 69
65 107 52
108 114 110
105 120 124
111 53 69
109 118 110
108 106 114
111 110 113
114 113 110
111 109 110
161 116 3
117 119 112
117 114 106
115 113 112
118 109 107
113 114 112
112 119 121
115 123 152
119 117 116
114 117 112
107 65 124
108 118 245
127 123 125
112 121 115
245 120 27
118 107 124
162 129 160
123 115 121
165 166 129
163 165 129
121 128 123
115 152 53
124 65 244
118 124 120
100 131 102
127 125 97
121 119 128
97 125 160
127 97 126
123 127 77
128 160 125
122 163 153
164 161 162
130 135 132
130 132 131
98 126 131
130 131 126
143 133 135
136 139 102
154 138 137
155 134 138
102 132 136
137 136 132
166 172 130
137 133 154
137 132 135
137 138 136
135 133 137
151 154 133
75 142 141
139 138 134
139 141 142
97 129 166
167 101 144
249 142 75
139 134 141
142 87 100
130 143 135
167 168 140
147 150 146
143 144 156
150 151 146
259 255 256
101 147 146
257 145 253
146 151 156
252 148 254
133 156 151
257 147 145
150 149 151
157 149 254
171 154 157
123 77 152
158 152 77
161 3 153
153 163 162
157 151 149
68 138 154
143 156 133
138 68 155
146 156 144
154 171 68
154 151 157
96 158 77
159 158 62
63 159 62
53 152 159
160 129 97
164 128 119
116 161 119
164 162 160
165 163 122
161 153 162
129 162 163
128 164 160
161 164 119
165 170 172
140 168 170
144 143 168
130 97 166
168 167 144
130 172 143
143 172 168
165 122 169
165 169 170
165 172 166
157 148 171
172 170 168
39 175 49
47 173 39
42 26 176
42 175 33
181 189 179
54 246 64
196 194 199
50 178 67
64 178 50
179 185 181
176 191 195
182 51 67
180 189 181
179 177 185
182 181 184
185 184 181
182 180 181
232 187 1
188 190 183
188 185 177
186 184 183
189 180 178
184 185 183
183 190 192
186 194 223
190 188 187
185 188 183
178 64 195
179 189 247
198 194 196
183 192 186
247 191 26
189 178 195
233 200 231
194 186 192
236 237 200
234 236 200
192 199 194
186 223 51
195 64 246
189 195 191
93 202 95
198 196 90
192 190 199
90 196 231
198 90 197
194 198 74
199 231 196
193 234 224
235 232 233
201 206 203
201 203 202
91 197 202
201 202 197
214 204 206
207 210 95
225 209 208
226 205 209
95 203 207
208 207 203
237 243 201
208 204 225
208 203 206
208 209 207
206 204 208
222 225 204
72 213 212
210 209 205
210 212 213
90 200 237
238 94 215
248 213 72
210 205 212
213 81 93
201 214 206
238 239 211
218 221 217
214 215 227
221 222 217
267 263 264
94 218 217
265 216 261
217 222 227
260 219 262
204 227 222
265 218 216
221 220 222
228 220 262
242 225 228
194 74 223
229 223 74
232 1 224
224 234 233
228 222 220
66 209 225
214 227 204
209 66 226
217 227 215
225 242 66
225 222 228
89 229 74
230 229 60
61 230 60
51 223 230
231 200 90
235 199 190
187 232 190
235 233 231
236 234 193
232 224 233
200 233 234
199 235 231
232 235 190
236 241 243
211 239 241
215 214 239
201 90 237
239 238 215
201 243 214
214 243 239
236 193 240
236 240 241
236 243 237
228 219 242
243 241 239
103 244 55
124 244 105
174 246 54
120 245 118
195 246 176
72 78 248
191 247 189
80 248 78
75 84 249
86 249 84
254 253 252
259 253 258
267 261 266
253 149 257
250 252 253
157 254 148
253 254 149
255 2 256
253 145 258
149 150 257
147 257 150
253 259 250
259 256 250
255 259 258
262 261 260
261 220 265
251 260 261
228 262 219
261 262 220
263 0 264
261 216 266
220 221 265
218 265 221
261 267 251
267 264 251
263 267 266
