16 15 41
17 35 61
16 41 35
193 27 196
18 33 37
130 118 129
73 226 37
62 7 36
60 35 54
41 15 45
279 280 270
56 91 108
17 61 33
35 17 16
42 6 5
7 62 34
65 71 164
45 92 57
20 128 125
92 96 99
134 133 131
101 113 64
7 6 36
211 107 210
58 61 60
145 154 11
60 61 35
59 62 36
59 48 69
33 18 17
85 79 90
145 10 148
34 38 8
77 227 38
18 37 19
150 119 149
36 6 42
5 52 42
59 56 62
8 38 9
34 8 7
77 38 34
246 251 217
73 37 33
146 119 148
126 118 128
61 70 33
36 42 48
62 74 34
120 14 97
161 58 60
160 4 208
63 48 42
100 97 98
19 37 122
9 38 142
51 162 163
79 89 90
54 35 41
52 208 79
56 59 69
226 122 37
20 121 123
227 142 38
10 141 143
41 57 54
46 172 161
67 81 68
48 68 69
48 59 36
68 48 63
57 41 45
162 54 57
42 52 63
78 63 52
91 82 26
66 75 207
23 213 209
54 161 60
176 177 173
169 71 165
26 82 55
218 75 112
54 162 161
170 169 165
103 101 88
72 73 70
76 77 74
55 82 81
70 61 71
67 78 85
65 70 71
66 74 75
67 80 53
63 78 67
68 81 82
58 165 61
110 215 108
73 72 31
71 61 165
73 31 226
70 65 72
33 70 73
74 62 75
77 76 29
112 225 56
91 69 82
77 29 227
74 66 76
34 74 77
79 78 52
67 53 81
208 52 160
210 86 93
67 68 63
85 78 79
53 55 81
40 218 220
82 69 68
277 2 278
69 91 56
84 99 101
92 28 163
47 80 85
85 80 67
3 137 135
85 90 47
108 112 56
96 97 88
104 100 13
132 140 139
47 90 210
87 110 94
96 92 45
106 28 92
215 111 247
86 210 107
91 26 94
40 75 218
97 96 45
99 96 88
120 97 45
98 13 100
101 99 88
97 14 98
99 84 106
102 104 105
97 100 88
103 88 100
84 101 64
116 117 109
103 113 101
104 103 100
103 102 113
105 12 159
103 104 102
211 90 89
104 13 105
99 106 92
140 212 214
110 91 94
112 108 95
87 111 215
109 113 116
91 110 108
83 246 216
246 217 247
223 221 224
112 75 225
158 116 113
64 113 115
158 159 156
11 154 157
158 113 102
113 109 115
152 117 116
123 121 122
152 116 114
43 129 126
143 141 142
44 149 146
122 49 124
45 15 120
122 121 19
123 122 124
123 124 126
49 43 124
131 125 118
125 131 21
126 128 123
124 43 126
43 127 129
125 128 118
126 129 118
20 123 128
130 129 127
3 135 127
133 21 131
118 130 131
131 130 134
132 134 135
137 3 136
135 134 130
139 133 134
134 132 139
127 135 130
136 86 138
107 138 86
138 137 136
132 135 137
212 107 211
132 137 138
140 132 138
22 133 139
138 107 212
22 139 140
142 50 144
142 141 9
143 142 144
143 144 146
50 44 144
154 145 119
150 147 151
146 148 143
144 44 146
44 147 149
145 148 119
146 149 119
10 143 148
150 149 147
151 147 1
151 153 150
1 152 151
151 152 153
117 152 1
152 114 153
156 153 114
153 157 154
119 150 154
153 154 150
158 156 114
155 157 156
155 156 12
156 157 153
11 157 155
116 158 114
159 158 102
105 159 102
156 159 12
163 162 57
52 5 160
46 161 228
51 161 162
92 163 57
51 163 28
58 168 165
71 39 164
169 190 71
175 166 176
181 171 174
188 187 167
189 190 184
172 168 58
190 189 39
170 165 168
169 170 184
176 172 175
168 173 170
173 171 170
167 184 188
161 172 58
176 168 172
24 186 174
177 24 174
171 173 174
177 176 166
172 46 175
168 176 173
24 177 166
173 177 174
191 202 204
186 24 182
186 182 192
196 183 194
192 182 180
186 195 181
191 205 206
174 186 181
170 171 184
171 181 183
188 171 183
192 180 198
171 188 184
183 27 187
183 187 188
71 190 39
184 167 189
169 184 190
181 194 183
186 192 195
191 198 199
185 197 206
193 196 197
185 193 197
181 195 194
197 200 198
183 196 27
200 195 192
196 194 197
200 197 194
179 205 204
199 178 202
197 198 191
195 200 194
198 180 199
198 200 192
229 203 245
237 234 236
202 191 199
204 202 232
235 236 232
232 202 178
205 179 201
206 201 185
191 204 205
191 206 197
201 206 205
4 89 208
75 40 207
79 208 89
47 210 93
89 4 209
211 210 90
213 89 209
212 140 138
211 213 212
140 214 22
89 213 211
23 212 213
108 215 95
212 23 214
87 215 110
224 95 247
111 87 216
111 216 246
218 222 221
221 223 219
218 112 222
219 220 221
221 220 218
222 224 221
112 95 222
224 222 95
217 251 256
25 219 223
95 215 247
223 224 217
75 62 225
56 225 62
31 49 226
122 226 49
29 50 227
142 227 50
231 238 240
161 51 228
236 204 232
239 241 238
237 236 235
235 232 233
232 178 233
236 179 204
233 230 235
235 238 237
179 236 234
238 235 230
231 234 237
203 229 241
231 237 238
203 241 239
238 230 239
241 240 238
229 240 241
242 0 243
245 242 244
229 245 244
242 243 244
252 253 272
259 249 256
224 247 217
111 246 247
253 271 272
250 248 253
256 251 259
246 281 252
246 252 251
250 281 83
259 272 254
281 253 252
253 255 271
30 255 248
253 248 255
25 256 249
223 217 256
30 260 255
252 259 251
223 256 25
260 269 257
268 258 263
263 255 260
268 257 280
254 249 259
32 265 268
263 260 257
283 262 282
275 266 273
258 268 265
263 258 271
254 258 265
269 30 267
268 263 257
269 267 270
266 270 273
269 270 280
30 269 260
267 264 270
273 270 264
279 32 280
263 271 255
272 271 258
254 272 258
252 272 259
275 276 262
261 276 274
262 276 261
273 264 274
276 273 274
273 276 275
277 278 283
268 280 32
270 266 279
280 257 269
83 281 246
253 281 250
277 283 282
262 261 282
