0 0
0 1
3 1
3 0
1.73776412907379 0.577254248593737
1.70225424859374 0.646946313073118
1.64694631307312 0.702254248593737
1.57725424859374 0.737764129073788
1.5 0.75
1.42274575140626 0.737764129073788
1.35305368692688 0.702254248593737
1.29774575140626 0.646946313073118
1.26223587092621 0.577254248593737
1.25 0.5
1.26223587092621 0.422745751406263
1.29774575140626 0.353053686926882
1.35305368692688 0.297745751406263
1.42274575140626 0.262235870926212
1.5 0.25
1.57725424859374 0.262235870926212
1.64694631307312 0.297745751406263
1.70225424859374 0.353053686926882
1.73776412907379 0.422745751406263
1.75 0.5
0 0.5
1.5 1
3 0.367544467966324
1.5 0
0 0.75
0.75 1
3 0.683772233983162
2.25 0
2 1
1.65531605155326 0.184239935617579
1.34468394844674 0.815760064382421
1.1290419119539 0.34529367286777
1.8709580880461 0.65470632713223
1.83468878769838 0.16084062943795
1.16531121230162 0.83915937056205
1.875 0
1.125 1
1.02288275692449 0.411833136950025
1.97711724307551 0.588166863049975
2.625 0
0.375 1
0.827452841693821 0.520939258029292
0 0.625
3 0.183772233983162
2.17636370823763 0.553460140974258
2.4375 0
0.5625 1
0 0.6875
2.17254715830618 0.479060741970708
3 0.275658350974743
0.792930261410515 0.454812041481348
3 0.321601409470534
2.2027102938209 0.607239426756389
0.61236827680964 0.548115547130304
0.797289706179104 0.392760573243611
2.1060886643938 0.605783190498568
0.893911335606198 0.394216809501432
1.39322708452451 0.225750749975663
1.60677291547549 0.774249250024337
2.3956732774206 0.449783327548001
0 0.875
2.0625 0
0.9375 1
2.71297912904666 0.345420584463873
2.54268482922918 0.439480208602622
2.50134662495772 0.491415470465084
1.77707561052258 0.111302698820155
1.59313825441617 0.122737395317798
2.15625 0
1.95136502629974 0.0839199912334204
1.22292438947742 0.888697301179845
1.40686174558383 0.877262604682202
0.84375 1
1.04863497370026 0.91608000876658
2.44355149827514 0.407143257609439
2.40925648104717 0.383511262023169
3 0.229715292478952
2.82757567367734 0.350357178119435
2.80282471921645 0.403725522953495
3 0.525658350974743
0 0.8125
2.74927397991642 0.281961569256131
3 0.091886116991581
3 0.446601409470534
0.613454305733893 0.653668138440133
2.11177774323132 0.435551155702437
2.58500895125147 0.288143449404097
2.61813005865768 0.49493511839571
0.39087378969384 0.652186886721268
3 0.137829175487372
3 0.407072938718429
2.19199182552039 0.69025824206158
0.611090246987139 0.616697575259842
0.936847120799791 0.518805361214974
1.25611793546311 0.461372875703132
0.331631885994213 0.719551049923001
0.933365874279005 0.576062762456972
0.297403096243797 0.765597623440371
0.78901644484121 0.679463829481769
0.611511876839416 0.691632238346603
0.955145238598388 0.60183382211615
1.25611793546311 0.538627124296868
0 0.78125
2.56929177457788 0.244070113866112
2.3098943388288 0.615137008815498
0 0.9375
2.65782660420028 0.529489192834398
2.60050336892101 0.596112336812496
1.84644288899834 0.762049943916375
0.35094310861991 0.805437244578742
0.50328359222565 0.816083986534764
0 0.90625
0.312031151075336 0.848396548506676
0 0.96875
2.15122287666107 0.178746612758068
0.848777123338935 0.821253387241932
1.27999081116624 0.387899719166572
1.61210028083343 0.279990811166237
1.91467670785425 0.171160581814423
1.8827732087174 0.20976493283165
2.24586829564173 0.0901343712915603
1.67460028083343 0.325399719166572
2.20744992751963 0.131909138882315
2.8125 0
1.92088939963133 0.228298808992871
2.45354089861595 0.0782110180637442
2.41912291977581 0.129322606630672
2.06027844885338 0.240972090573967
2.30647777185429 0.225078519532313
1.72000918883376 0.387899719166572
2.27009996245458 0.203325421595317
2.64992416383819 0.0902608898919607
3 0.0459430584957904
2.69697301672661 0.113879624229912
2.59164656625622 0.190844147513922
1.98552169171739 0.327197982368922
2.2113351413966 0.292490132067537
1.38789971916657 0.720009188833763
1.08532329214575 0.828839418185577
1.1172267912826 0.79023506716835
0.754131704358269 0.90986562870844
1.32539971916657 0.674600280833428
0.792550072480375 0.868090861117685
0.1875 1
1.07911060036867 0.771701191007129
0.546459101384047 0.921788981936256
0.580877080224194 0.870677393369328
0.299837320596454 0.931304226467849
0.295003407125636 0.901660466297057
0.686825426836505 0.798514878595776
0.939721551146624 0.759027909426033
1.27999081116624 0.612100280833428
0.896780043910241 0.702011387213868
0.997166295308417 0.710820872059826
0.723377797102682 0.728940816650583
1.01887737763369 0.631186981815846
1.72000918883376 0.612100280833428
0.407950817376621 0.538674089350763
0.417726533439714 0.573794752589638
0.273351424487725 0.647844670482246
1.96875 0
1.15698550245972 0.259487617915199
0 0.5625
1.6875 0
0.777390200582246 0.357721677239715
1.34452193350453 0.177714894250089
1.03193878308367 0.259745469800782
0.888778452403996 0.254600267810382
0.411897612424556 0.489695662475256
0.679693083008617 0.34972715861637
0.434272734046105 0.384569518509379
0 0.59375
0.326206263920248 0.480263120823925
0.285010152052711 0.459358680899353
-5.55111512312578e-17 0.316227766016838
1 0
0 0.408113883008419
0.705296243507704 0.275283904825902
0 0.454056941504209
1.1242313503215 0.135818727976661
1.33747575693103 0.134234041279361
1.25 0
0.322616830668388 0.38013430293418
1.59375 0
1.35307921760342 0.0958485941321919
1.78125 0
1.56489585443799 0.0877430485206684
0.528203294167023 0.203709836262522
0.405105195175038 0.309553853703803
1.375 0
0.897447957249437 0.180649190572533
0.58724600303898 0.281080941840298
1.19893148225422 0.0795228392485938
0.906578259161755 0.132599087110181
0.345122686118519 0.290920465371974
-5.55111512312578e-17 0.362170824512628
0.703418902111394 0.215802227523161
1.125 0
0.264101647083512 0.25996880113968
-2.77555756156289e-17 0.158113883008419
0.623339204903096 0.137563839817147
0.826040515329233 0.101887517734332
0.95779416099001 0.0884551349457448
1.03125 1
2.05841843450537 0.483253423398792
1.74388206453689 0.538627124296868
2.71822325176152 0.22333044967905
2.31819346577895 0.344628078567032
2.16077506025512 0.351075678509696
2.04864326287042 0.412471372565895
1.74388206453689 0.461372875703132
2.48125719517389 0.605457704800619
3 0.486129880222638
2.04575906368212 0.798733440840517
1.51591937946744 0.882090559490422
1.3125 1
1.21875 1
1.55063972159221 0.904995092802596
1.83270754107762 0.800594367801685
1.67125329163534 0.904816159287833
2.03299830536275 0.768315174030672
1.70492078674581 0.775526351988442
2.17788723238457 0.0552875892051429
0.822112767615429 0.944712410794857
0 0.65625
0.5 0
-5.55111512312578e-17 0.237170824512628
0.75 0
0.332746188129648 0.204815905025403
-5.55111512312578e-17 0.276699295264733
0.875 0
0.354190292157561 0.162045077093399
0.650070716702458 0.0944933688009076
0.598424226953271 0.0713585910155762
0.315288319604636 0.142427360353602
-2.77555756156289e-17 0.197642353760524
0.625 0
0.28865644846586 0.0912811838447134
0 0.0790569415042095
0.25 0
0.375 0
-1.38777878078145e-17 0.118585412256314
2.51613010882371 0.669100985381771
2.33476737594591 0.69571532363995
3 0.604715292478952
1.625 1
3 0.565186821726848
2.21320552231542 0.781996479313864
2.42474149449917 0.742972000491342
2.63709673620653 0.709042676922881
1.75 1
2.76621390454334 0.714379591868057
1.85377637613522 0.886858868578916
2.49227129556063 0.839442086052514
2.25694328979786 0.858153395058385
2.03333211167484 0.872903560631139
2.73766217439051 0.751311492054372
3 0.841886116991581
2.5 1
2.4769840559744 0.813441529943425
3 0.762829175487372
1.875 1
2.25 1
3 0.723300704735267
2.19310265321915 0.91535635615222
2.75637170481312 0.776864000642881
2.64154787207507 0.8506005784888
2.53389494280097 0.766954094451479
2.31354624444812 0.809169620404807
2.64949726703441 0.889161303771496
3 0.802357646239476
2.375 1
2.71134355153414 0.908718816155286
3 0.920943058495791
2.75 1
2.125 1
2.2920102470244 0.923496584325201
2.69774930312106 0.642314322909741
3 0.881414587743686
2.625 1
