0 0
0 1
3 1
3 0
1.73776412907379 0.577254248593737
1.70225424859374 0.646946313073118
1.64694631307312 0.702254248593737
1.57725424859374 0.737764129073788
1.5 0.75
1.42274575140626 0.737764129073788
1.35305368692688 0.702254248593737
1.29774575140626 0.646946313073118
1.26223587092621 0.577254248593737
1.25 0.5
1.26223587092621 0.422745751406263
1.29774575140626 0.353053686926882
1.35305368692688 0.297745751406263
1.42274575140626 0.262235870926212
1.5 0.25
1.57725424859374 0.262235870926212
1.64694631307312 0.297745751406263
1.70225424859374 0.353053686926882
1.73776412907379 0.422745751406263
1.75 0.5
1.5 1
1.5 0
0.75 1
2.25 0
1.32024321787157 0.282344450759702
1.67975678212843 0.717655549240298
1.875 0
1.125 1
1.62681969908064 0.162549111931127
1.37318030091936 0.837450888068873
1.08380934501681 0.402813526101735
1.91619065498319 0.597186473898266
1.47619459391025 0.209862914875044
1.52380540608975 0.790137085124956
1.3086876023193 0.226624450651787
1.6421766655115 0.107709221912306
1.69131239768069 0.773375549348215
1.35782333448851 0.892290778087694
2.0625 0
0.9375 1
1.0268381164161 0.482680546387182
1.9731618835839 0.517319453612818
0 0.5
1.6875 0
3 0.5
1.3125 1
1.74529790390607 0.158644713977666
1.25470209609393 0.841355286022334
1.78125 0
1.51409421235064 0.110140393824678
1.21875 1
1.48590578764935 0.889859606175323
1.86985356572961 0.165553771086437
1.13014643427039 0.834446228913563
1.08869623785733 0.346521522741679
0 0.75
1.38386120557955 0.104944397210225
3 0.25
1.61613879442045 0.895055602789775
1.91130376214267 0.653478477258322
0.604628052766487 0.565584797314602
0.924645753428829 0.32059672548377
2.39537194723352 0.434415202685397
2.07535424657115 0.679403274516237
0.864597818476267 0.462532120159945
1.07327321795358 0.30214413375001
2.13540218152373 0.537467879840055
1.92672678204641 0.697855866249994
0.729261061312051 0.575706572668673
0.740156333465069 0.450204189731083
1.17365690000558 0.216158926523597
2.27073893868795 0.424293427331326
2.25984366653493 0.549795810268917
1.8263430999944 0.783841073476407
0.75 0
2.25 1
1.16509493010197 0.170793991947701
1.83490506989803 0.829206008052294
0.958159783185234 0.578540778670758
2.04184021681477 0.421459221329242
1.97734537860012 0.0792819701465876
2.12757085331796 0.312105559314247
1.02265462139988 0.920718029853412
0.872429146682036 0.687894440685754
0 0.875
3 0.125
0.792490510841549 0.602579841672882
0 0.9375
0.375292617301719 0.76207114635301
0.703064128587621 0.686496943599739
0.590138395653926 0.665716220357467
0.417893593612926 0.686343598469982
0.504185383652652 0.81274053605456
0.482974607167646 0.760034438797988
0.249953229160549 0.880127387308414
0.375 1
0.1875 1
0.09375 1
0.316791962186575 0.911916518906712
0.598340895698177 0.845328488824569
2.20750948915845 0.397420158327118
3 0.0625
2.62470738269828 0.23792885364699
2.29693587141238 0.313503056400261
2.40986160434607 0.334283779642533
2.58210640638708 0.313656401530018
2.49581461634735 0.187259463945441
2.51702539283236 0.239965561202011
2.75004677083945 0.119872612691586
2.625 0
2.8125 0
2.90625 0
2.68320803781342 0.0880834810932881
2.40165910430182 0.154671511175432
0.22650990957909 0.787302118705919
0 0.8125
0.212859693118199 0.746261389015164
0.196805589572716 0.702527764170914
0.996311525458442 0.815638078136912
0.385185423834903 0.649944312466728
0.416661362833636 0.584380778082322
0 0.625
0.210908722114466 0.854276876272268
0.712681479894257 0.724576552727664
2.77349009042091 0.212697881294081
3 0.1875
2.7871403068818 0.253738610984835
2.80319441042728 0.297472235829087
2.00368847454156 0.184361921863088
2.6148145761651 0.35005568753327
2.58333863716636 0.415619221917681
3 0.375
2.78909127788553 0.145723123727732
2.28731852010574 0.275423447272337
0.553607761923225 0.460054951673055
1.14254410582752 0.787446696223605
0.5625 1
1.32539971916657 0.674600280833427
1.04186879007618 0.747005307157498
0.913092054246764 0.897614266976255
1.27999081116624 0.612100280833428
1.0094940795073 0.703754294618773
0.754302025400176 0.87766499138849
0.783933871783739 0.913258102365698
2.44639223807678 0.539945048326951
1.85745589417248 0.212553303776395
2.4375 0
1.67460028083343 0.325399719166572
1.95813120992382 0.252994692842502
2.08690794575324 0.102385733023745
1.72000918883376 0.387899719166572
1.9905059204927 0.296245705381227
2.24569797459982 0.12233500861151
2.21606612821626 0.0867418976343017
0.568885575548602 0.495314066611373
0.346533807670895 0.566741347078841
0.30383506713562 0.521120177104116
1.05646183889381 0.640665745559995
0.46875 1
0.589201437652761 0.916336781173619
0.807626825339049 0.809864100964616
2.4311144244514 0.504685933388633
2.65346619232915 0.433258652921146
2.69616493286439 0.478879822895886
1.94353816110619 0.359334254440005
2.53125 0
2.41079856234724 0.0836632188263805
2.19237317466095 0.190135899035384
3 0.4375
0.377594929580289 0.293247798776251
0 0.5625
2.62240507041972 0.706752201223745
0.561137414535327 0.403562852412034
0.344396315697579 0.435633928705984
0.837740761397724 0.302051707762942
2.43886258546467 0.59643714758798
2.65560368430245 0.564366071294
2.16225923860222 0.69794829223709
0.193833610748944 0.527438039710246
0.201213567412072 0.450764573035171
0 0.25
0.228083208928067 0.391559733990549
0 0.375
1.125 0
2.80616638925107 0.472561960289746
2.79878643258794 0.549235426964826
3 0.75
2.77191679107194 0.608440266009449
3 0.625
1.875 1
1.25611793546311 0.461372875703132
1.74388206453689 0.538627124296868
1.02706118748219 0.5936170504766
1.97293881251781 0.4063829495234
0.824618804582237 0.751385375983541
2.17538119541776 0.248614624016458
0 0.4375
0.611078834873014 0.266979844115265
0.419519323739951 0.364574490208067
0.649124191987509 0.311144488447933
0.204361674904633 0.324505330038147
0.347430003139712 0.1875
0.518714095221253 0.176293499131604
0.212361921032943 0.276858739384142
0 0.3125
1.3125 0
0.375 0
0.796053079005793 0.218428666869765
0.860984882831918 0.133950300766316
0.940031088179156 0.208939351783259
0.212156805959645 0.196387277616142
0.5625 0
0.490014556648205 0.0827016804944246
0 0.180901699437495
0.621276605314589 0.211676486210125
0.9375 0
0.825901952388157 0.0941393215616064
0 0.111803398874989
0.46875 0
1.05839806726418 0.114750763880291
1.21875 0
1.24602889952791 0.0801105502360449
0.289814428805556 0.112905285597222
0.250586292934667 0.0856443535326663
0.150505806703907 0.0852271850712652
0.25 0
0 0.0559016994374948
0.125 0
0.101145856520574 0.174992507110518
3 0.5625
2.38892116512698 0.733020155884732
2.58048067626005 0.635425509791928
2.35087580801253 0.688855511552056
2.79563832509536 0.675494669961855
2.65256999686029 0.8125
2.48128590477872 0.823706500868407
2.78763807896706 0.723141260615858
3 0.6875
1.6875 1
2.625 1
2.20394692099418 0.78157133313024
2.13901511716808 0.866049699233683
2.05996891182085 0.791060648216741
2.78784319404036 0.803612722383857
2.4375 1
2.5099854433518 0.917298319505574
3 0.819098300562505
2.37872339468542 0.788323513789868
2.0625 1
2.17409804761186 0.905860678438387
3 0.88819660112501
2.53125 1
1.94160193273581 0.885249236119713
1.78125 1
1.75397110047208 0.919889449763959
2.71018557119444 0.887094714402778
2.74941370706533 0.914355646467334
2.84949419329609 0.914772814928735
2.75 1
2.875 1
3 0.944098300562505
2.89885414347943 0.825007492889482
0.587272164311751 0.101781284416016
2.41272783568825 0.898218715583984
1.85852811139783 0.0551109443010853
1.14147188860217 0.944889055698914
0.28125 1
2.71875 0
0 0.6875
0.197675969937706 0.598407446124952
0.144657146481401 0.66077531914274
3 0.3125
2.80232403006231 0.401592553875048
2.85534285351859 0.339224680857284
