0 0
0 1
3 1
3 0
1.73776412907379 0.577254248593737
1.70225424859374 0.646946313073118
1.64694631307312 0.702254248593737
1.57725424859374 0.737764129073788
1.5 0.75
1.42274575140626 0.737764129073788
1.35305368692688 0.702254248593737
1.29774575140626 0.646946313073118
1.26223587092621 0.577254248593737
1.25 0.5
1.26223587092621 0.422745751406263
1.29774575140626 0.353053686926882
1.35305368692688 0.297745751406263
1.42274575140626 0.262235870926212
1.5 0.25
1.57725424859374 0.262235870926212
1.64694631307312 0.297745751406263
1.70225424859374 0.353053686926882
1.73776412907379 0.422745751406263
1.75 0.5
1.5 1
1.5 0
0.75 1
2.25 0
1.38554607957311 0.219395228651633
1.61445392042689 0.780604771348367
1.22735400708984 0.325399719166573
1.77264599291016 0.674600280833428
1.875 0
1.125 1
1.6875 0
1.3125 1
1.14188210542027 0.433347529965276
1.85811789457973 0.566652470034723
1.65481833648082 0.153902509298118
1.34518166351918 0.846097490701882
1.11277048344074 0.526882447137851
1.88722951655925 0.473117552862149
0.9375 1
2.0625 0
1.17240101929909 0.200835838713895
1.12091602573245 0.325605475430731
1.54573854249443 0.152194891176996
1.45426145750557 0.847805108823004
1.74706458814723 0.179085947021604
1.25293541185277 0.820914052978395
1.09824933564783 0.623353703225662
0.847309959270402 0.594319718706014
1.90175066435217 0.376646296774338
2.1526900407296 0.405680281293983
1.20094550045415 0.757569759975041
1.79905449954585 0.242430240024959
1.26454901502745 0.231765014553332
1.73545098497255 0.768234985446668
1.49108367761777 0.0940663765257043
1.50891632238223 0.905933623474296
0.974467445451125 0.415588862365257
0.998456225650779 0.53267467733386
2.02553255454888 0.584411137634744
2.00154377434922 0.467325322666139
1.06390022268263 0.745167110097872
1.93609977731737 0.254832889902128
0.75 0
0.941294131169555 0.650543464221346
2.25 1
2.05870586883044 0.349456535778656
1.35167460715151 0.115387984301114
1.87908397426755 0.674394524569268
1.125 0
1.02034594680162 0.324530090515142
0.755892457815098 0.450151632317234
1.875 1
1.97965405319838 0.675469909484862
2.2441075421849 0.549848367682773
1.3125 0
1.40625 0
1.26394900471962 0.0954259952803785
1.02091067220115 0.171057145400728
1.64832539284849 0.884612015698886
1.8275989807009 0.799164161286105
1.6875 1
1.59375 1
1.73605099528038 0.904574004719621
1.97908932779886 0.828942854599267
1.03022464723362 0.24300429313362
0.892044280051212 0.346091091244948
0.499868527853102 0.533101384443591
0.76525231146752 0.371939718238308
1.96977535276637 0.756995706866385
0.858909396871534 0.258687230571094
0 0.5
0.775553275831362 0.234710204911869
2.10795571994879 0.653908908755058
2.5001314721469 0.466898615556422
2.23474768853248 0.628060281761702
1.78125 0
2.14109060312847 0.741312769428911
3 0.5
2.22444672416862 0.765289795088142
1.91421674469011 0.119643305278943
1.86257991099829 0.0780908866508483
2.07055879555341 0.0856912044465915
2.625 0
2.05885077695293 0.263588418054736
2.4375 0
2.18484935590052 0.243540193629189
2.3559922511001 0.132748868201626
2.26096511649357 0.283587382507886
2.51507400318634 0.170343361292487
2.39301112613644 0.201508644067852
2.50990663054377 0.100914907886475
2.37141034186159 0.311671517520395
2.8125 0
2.65066985357674 0.0640605301635288
2.22193097557395 0.130126065217135
2.68836724304369 0.157378556735018
2.15532254050402 0.100509972318636
2.52948062449348 0.242456511299664
3 0.25
2.42757590712551 0.380529113505204
2.06754335898697 0.193516406939873
2.50679924621841 0.39588966326669
2.37586502078567 0.562901370011637
2.38218279414562 0.489048041203343
2.58111586506563 0.290198241096852
2.74340380201936 0.317334980000166
2.55808090857075 0.565003730393936
2.29541535085173 0.665049270486768
2.40043344434434 0.683413721027419
2.6196082081328 0.693765942090179
2.0625 1
2.54385000492577 0.656220584068253
2.30528455733803 0.779393426748897
2.42718930667667 0.756695580096189
2.26984043989065 0.893038823160775
2.13619970200587 0.884366205251828
3 0.375
1.96875 1
2.01230619307706 0.909568806922942
2.69075641408876 0.593102174438744
2.83635803441459 0.56239670599051
3 0.75
2.8838927371626 0.6205536314187
3 0.625
2.5 1
2.74685575062476 0.810927875312381
2.85441243288411 0.707197086274684
2.68012440382751 0.754447519790697
2.23979302852834 0.449082226323293
3 0.125
2.46159780920776 0.845462195827816
2.15625 1
2.74541180674201 0.660438690118294
2.56922496022446 0.881607765943115
2.1528234453942 0.544962758647644
2.11328874611715 0.489631512257382
2.67190799707728 0.295327432903616
2.84451965783892 0.0952798989024933
2.8353789615941 0.202942396189557
2.91082406577105 0.232087967114476
2.73861289855222 0.198970244049939
2.82987742277103 0.348589953154591
2.650589499882 0.440471680456193
3 0.4375
2.86259730120178 0.474951349399112
3 0.3125
2.86200574065183 0.402982708781863
2.375 1
2.70964680064961 0.481196198633782
1.21875 1
1.08578325530989 0.880356694721057
1.13742008900171 0.921909113349151
0.929441204446592 0.914308795553408
0.375 1
0.941149223047066 0.736411581945264
0.5625 1
0.815150644099481 0.756459806370813
0.644007748899914 0.867251131798369
0.739034883506421 0.716412617492116
0.484925996813669 0.829656638707519
0.60698887386356 0.798491355932151
0.490093369456242 0.899085092113528
0.628589658138401 0.688328482479628
0.1875 1
0.349330146423297 0.935939469836462
0.778069024426057 0.869873934782865
0.311632756956328 0.842621443265003
0.844677459495983 0.899490027681366
0.470519375506528 0.757543488700351
0 0.75
0.572424092874493 0.619470886494796
0.932456641013028 0.806483593060128
0.493200753781557 0.604110336733339
0.624134979214336 0.437098629988396
0.617817205854374 0.510951958796691
0.418884134934394 0.709801758903158
0.256596197980622 0.682665019999824
0.441919091429335 0.434996269606037
0.704584649148218 0.334950729513262
0.599566555655692 0.316586278972571
0.380391791867208 0.306234057909881
0.9375 0
0.456149995074272 0.343779415931765
0.694715442661979 0.220606573251097
0.572810693323326 0.243304419903812
0.730159560109345 0.106961176839228
0.863800297994153 0.115633794748171
0 0.625
1.03125 0
0.98769380692296 0.0904311930770402
0.30924358591125 0.406897825561327
0.16364196558542 0.437603294009531
0 0.25
0.116107262837493 0.379446368581254
0 0.375
0.5 0
0.253144249375203 0.189072124687602
0.145587567115888 0.292802913725303
0.319875596172599 0.245552480209241
0.760206971471616 0.55091777367675
0 0.875
0.538402190792172 0.154537804172178
0.84375 0
0.254588193257989 0.339561309881705
0.430775039775455 0.11839223405688
0.847176554605779 0.455037241352391
0.886711253882832 0.510368487742621
0.328092002922719 0.704672567096389
0.155480342161099 0.904720101097526
0.164621038405894 0.797057603810428
0.0891759342289237 0.767912032885538
0.261387101447753 0.801029755950093
0.170122577228914 0.651410046845463
0.349410500118 0.559528319543757
0 0.5625
0.137402698798144 0.525048650600928
0 0.6875
0.137994259348191 0.597017291218133
0.625 0
0.290353199350438 0.518803801366125
1.94095637712114 0.180875395524875
2.34375 0
1.05904362287886 0.819124604475125
0.65625 1
1.1568152303737 0.0619347696262966
1.8431847696263 0.9380652303737
2.75 1
0.25 0
2.625 1
2.8125 0.875
2.64676483430817 0.915735165691831
3 0.911611652351682
2.875 1
2.87374688424769 0.779996884247689
3 0.830805826175841
2.88654368945369 0.925956310546308
0.375 0
0.1875 0.125
0.353235165691842 0.0842648343081579
0 0.0883883476483184
0.125 0
0.126253115752297 0.220003115752297
0 0.169194173824159
0.113456310546308 0.0740436894536915
