30 268 39
17 16 28
8 33 51
95 118 120
39 268 32
32 18 17
50 19 18
18 32 50
20 56 149
35 6 5
38 69 74
14 44 15
34 16 15
90 44 82
9 57 10
32 17 36
52 30 39
92 97 126
19 56 20
196 82 194
56 84 153
36 28 38
60 80 25
106 111 136
73 69 58
54 31 41
40 71 77
104 45 83
4 45 5
37 7 29
197 83 195
36 17 28
5 45 35
33 7 37
10 57 139
51 9 8
41 31 269
109 128 130
7 6 29
41 269 33
15 44 34
7 33 8
37 29 40
143 57 86
33 37 41
32 36 39
60 74 80
34 58 28
36 38 39
74 53 38
62 77 81
35 63 29
37 40 41
77 55 40
268 50 32
56 19 50
269 51 33
57 9 51
194 13 196
71 40 63
195 23 197
69 38 58
178 65 138
28 16 34
181 67 148
52 39 53
29 6 35
47 52 53
54 41 55
50 84 56
51 86 57
53 39 38
49 54 55
55 41 40
84 50 42
114 116 117
86 51 43
100 102 103
62 81 24
53 60 47
38 28 58
25 47 60
68 58 34
55 62 49
40 29 63
24 49 62
76 71 63
70 63 35
68 34 72
64 68 72
65 69 73
124 158 73
70 35 75
66 70 75
67 71 76
134 165 76
72 34 44
68 64 73
73 58 68
74 69 65
75 35 45
70 66 76
76 63 70
77 71 67
44 14 82
90 94 72
64 123 124
121 124 123
158 65 73
74 60 53
45 4 83
104 108 75
66 133 134
131 134 133
165 67 76
77 62 55
201 218 212
132 151 149
234 251 245
122 141 139
65 80 74
211 213 203
67 81 77
244 246 236
75 45 104
72 44 90
42 27 84
157 27 150
116 115 112
137 117 110
43 26 86
147 26 140
102 101 98
127 103 96
93 90 82
72 94 95
75 108 109
72 95 64
13 12 161
98 101 1
94 93 97
98 126 97
122 139 143
96 103 102
93 94 90
94 92 95
92 118 95
120 118 88
196 127 82
11 142 144
96 97 93
94 97 92
97 96 98
88 118 91
93 127 96
98 1 91
100 101 102
102 98 96
12 144 145
100 103 270
107 104 83
75 109 66
23 22 168
112 115 3
108 107 111
112 136 111
132 149 153
110 117 116
107 108 104
108 106 109
106 128 109
130 128 89
197 137 83
21 152 154
110 111 107
108 111 106
111 110 112
89 128 105
107 137 110
112 3 105
114 115 116
116 112 110
22 154 155
114 117 271
118 92 126
121 120 119
121 119 59
88 119 120
95 120 123
59 274 121
95 123 64
174 177 182
176 178 138
120 121 123
26 147 143
138 158 159
64 124 73
98 91 126
142 164 145
118 126 91
82 127 93
103 127 87
128 106 136
131 130 129
131 129 61
89 129 130
109 130 133
61 277 131
109 133 66
172 180 188
179 181 148
130 131 133
27 157 153
148 165 166
66 134 76
112 105 136
152 171 155
128 136 105
83 137 107
117 137 85
121 274 124
159 160 138
26 143 86
142 141 122
122 146 142
57 143 139
141 142 11
10 139 141
147 146 122
103 87 198
142 146 164
145 144 142
161 145 198
99 163 162
146 162 163
146 147 140
122 143 147
131 277 134
166 167 148
27 153 84
152 151 132
132 156 152
56 153 149
151 152 21
20 149 151
157 156 132
117 85 199
152 156 171
155 154 152
168 155 199
113 170 169
156 169 170
156 157 150
132 153 157
159 158 124
65 158 138
160 273 125
159 273 160
185 201 202
167 180 179
161 87 196
12 145 161
99 103 163
146 140 162
103 198 164
146 163 164
103 164 163
166 165 134
67 165 148
167 276 135
166 276 167
191 234 235
160 177 176
168 85 197
22 155 168
113 117 170
156 150 169
117 199 171
156 170 171
117 171 170
202 177 183
176 138 160
235 180 189
179 148 167
48 191 189
46 185 183
160 125 182
177 202 203
46 183 174
183 177 174
203 176 177
80 65 178
167 135 188
180 235 236
48 189 172
189 180 172
236 179 180
81 67 181
174 182 125
177 160 182
214 184 226
185 200 173
213 223 225
227 222 226
200 186 204
185 173 201
173 200 204
204 206 173
172 188 135
180 167 188
247 190 259
191 233 175
246 256 258
260 255 259
233 192 237
191 175 234
175 233 237
237 239 175
161 196 13
82 14 194
83 4 195
127 196 87
168 197 23
137 197 85
161 198 87
164 198 145
168 199 85
171 199 155
211 203 201
185 46 200
185 202 183
202 201 203
224 209 223
178 176 203
207 204 186
207 206 204
205 207 208
208 184 214
205 266 206
187 212 220
229 210 228
206 207 205
209 225 223
207 186 208
213 178 203
211 201 212
208 214 205
218 201 173
224 212 187
212 218 220
211 223 213
80 178 213
214 226 216
222 215 226
215 78 216
214 216 205
228 221 229
266 216 78
226 215 216
173 206 218
206 219 220
206 220 218
266 219 206
187 220 219
210 222 227
212 223 211
225 209 25
25 80 225
212 224 223
213 225 80
232 226 184
232 227 226
228 217 221
210 227 228
217 228 227
230 231 229
230 0 231
229 221 230
184 217 232
227 232 217
244 236 234
191 48 233
191 235 189
235 234 236
257 242 256
181 179 236
240 237 192
240 239 237
238 240 241
241 190 247
238 267 239
193 245 253
262 243 261
239 240 238
242 258 256
240 192 241
246 181 236
244 234 245
241 247 238
251 234 175
257 245 193
245 251 253
244 256 246
81 181 246
247 259 249
255 248 259
248 79 249
247 249 238
261 254 262
267 249 79
259 248 249
175 239 251
239 252 253
239 253 251
267 252 239
193 253 252
243 255 260
245 256 244
258 242 24
24 81 258
245 257 256
246 258 81
265 259 190
265 260 259
261 250 254
243 260 261
250 261 260
254 263 262
263 254 264
264 2 263
190 250 265
260 265 250
216 266 205
219 266 78
249 267 238
252 267 79
30 42 268
50 268 42
31 43 269
51 269 43
274 273 159
103 99 270
117 113 271
274 272 273
125 273 272
274 159 124
59 272 274
277 276 166
277 275 276
135 276 275
277 166 134
61 275 277
