0 0
0 1
3 1
3 0
1.73776412907379 0.577254248593737
1.70225424859374 0.646946313073118
1.64694631307312 0.702254248593737
1.57725424859374 0.737764129073788
1.5 0.75
1.42274575140626 0.737764129073788
1.35305368692688 0.702254248593737
1.29774575140626 0.646946313073118
1.26223587092621 0.577254248593737
1.25 0.5
1.26223587092621 0.422745751406263
1.29774575140626 0.353053686926882
1.35305368692688 0.297745751406263
1.42274575140626 0.262235870926212
1.5 0.25
1.57725424859374 0.262235870926212
1.64694631307312 0.297745751406263
1.70225424859374 0.353053686926882
1.73776412907379 0.422745751406263
1.75 0.5
1.5 1
1.5 0
0.75 0
1.125 0
0.75 1
2.25 1
1.125 1
2.25 0
1.4788536403884 0.111451242418688
1.11916746455822 0.43968205201668
1.22735400708984 0.227354007089844
1.22735400708984 0.772645992910156
1.875 0
1.55593991169907 0.1468092977792
1.45189052206374 0.196248710809705
1.3495178637106 0.813791355287394
1.875 1
1.88083253544178 0.56031794798332
1.17951368409334 0.336704065830848
1.19309012462187 0.451390251158161
1.28027678856447 0.280276788564467
1.28027678856447 0.719723211435533
1.84355399345644 0.324950497058503
1.54620255011391 0.208288579236461
1.53862712429687 0.256117935463106
1.49902071153276 0.202470936789876
1.52009235701463 0.225811396993277
1.46137287570313 0.256117935463106
1.437318136735 0.229242290867958
1.37154342844766 0.219906261740783
1.40311416076757 0.233850213129626
1.38789971916657 0.279990811166237
1.40528331120834 0.186227117696775
1.35418773872004 0.25689938877489
1.31969700541092 0.276380717775136
1.32539971916657 0.325399719166572
1.29362916847703 0.214001627177277
1.28901126998536 0.316665237745674
1.3320562386446 0.223948317776383
1.29710647594935 0.249184821223903
1.23818314637842 0.348108251306349
1.36522081507239 0.15553207567973
1.25898163517843 0.248649160475881
1.24805021639363 0.307254788938965
1.3482280781399 0.187034506874413
1.22042476369589 0.271779643476289
1.27843380501697 0.151824586138247
1.40062515590137 0.15027004849455
1.21820545910203 0.166129844146938
1.427185496096 0.105561754765246
1.3125 0
1.2589000139229 0.212777965934168
1.48130254964931 0.15507228844485
1.5265226569447 0.173660826360127
1.51667139043205 0.133328413045187
1.69504750273769 0.217487455248528
1.5459002169389 0.112120807381284
1.4893421266641 0.0690391631413272
1.57488693167405 0.227688262325343
1.59375 0
1.51267448716399 0.0970740511500454
1.60578024124711 0.113587179991121
1.61646018706138 0.182020704393495
1.6875 0
1.58010949788871 0.191886553000194
1.60950992799123 0.228312422126788
1.47224071068316 0.223711098538488
1.43477891729593 0.162440907917006
1.37786472612878 0.122046440060401
1.32187820853197 0.152486870358895
1.21311891149122 0.320436354628712
1.17776680065182 0.290251355058594
1.61210028083343 0.279990811166237
1.648166520573 0.252278894753684
1.45589609240187 0.0832709137520188
1.40625 0
1.46197214295016 0.0393780129275696
1.41373001449029 0.0585960585620823
1.31375895066798 0.186002008046847
1.30129834625399 0.0772207445177323
1.1826956968085 0.243141681656246
1.09629240091569 0.316574452880088
1.70248168475794 0.276486368765152
1.453125 0
1.359375 0
1.39441521736649 0.0895399882267321
1.34749470520796 0.0861171772596627
1.30067918066921 0.117836659360652
1.23393815400974 0.0984279657530981
1.33622875253206 0.119897298698413
1.27052730205713 0.097064334987553
1.21875 0
1.265625 0
1.19298605211088 0.201193908416091
1.14074183910142 0.314902903765713
1.67031439678609 0.275623085729464
1.67460028083343 0.325399719166572
1.71285279569569 0.314801172064619
1.77558881670973 0.277258651763338
1.77536467841176 0.352715729724429
1.7389263388361 0.28718250866816
1.73876180278723 0.342574244837218
1.73216666351883 0.242778070661639
1.76611937155124 0.314959395520573
1.72000918883376 0.387899719166572
1.80675011355865 0.305125169041417
1.81463051603112 0.41744125658043
1.75989900463865 0.389521155911458
1.79739417799368 0.383624603844527
1.77650630485904 0.42457090557843
1.81352651045811 0.348821786934991
1.8061041471871 0.47734358837029
1.74388206453689 0.461372875703132
1.86465754657514 0.382317765327316
1.80023318982384 0.445949950568224
1.84956016735059 0.45297104627163
1.77565159074899 0.466792767243975
1.83111844336083 0.387736360225443
1.85301638678492 0.416769915989292
1.84462671915694 0.35712116586183
1.89276462272612 0.33941279599079
1.91991112561277 0.420180405561474
1.88546153721114 0.438133094339517
1.88993186640245 0.404682083492852
1.92504263678423 0.373509812111523
1.93451149607172 0.4902263667025
1.88495190500789 0.487751808354001
1.91733301677867 0.457262416381286
1.98435824669824 0.443291686720637
1.95281586633332 0.459729344303309
1.99772648881236 0.507426454415909
1.96854465013285 0.489911459898997
1.95208631599269 0.55040030684729
1.3828125 0.0301977690068291
1.33784112997981 0.0409073566970681
1.11347904448629 0.203925833848373
1.13106762388639 0.377484911293261
1.13200522072624 0.26165082249682
1.75844036742456 0.164330730819557
1.89380571118776 0.370753781317842
1.96934823311598 0.299241289545809
1.96304719883499 0.401305884301129
1.37276859390502 0.0629669786075766
1.29795518505794 0.0373129558964144
1.15361782051614 0.213772417703613
1.15009552702583 0.141396278084578
1.16356690502926 0.177014451909753
1.1476421198542 0.348008327129398
1.17864606160101 0.384839805522934
1.11255037312736 0.347674619896077
1.06896357551758 0.395405742903041
1.06828213175246 0.351016750298475
1.16187062980388 0.26477552044926
1.11760022563602 0.291356840311651
1.06224244288414 0.266192751479715
1.09706736318778 0.263054444582342
1.07612005943412 0.225398420014603
1.84056911283229 0.235951527444178
1.73424040949324 0.199849128243907
1.93672165040035 0.330127314640628
1.94948435406373 0.429038313142372
2.04813196798404 0.384520176651498
1.2051870015575 0.361242503538197
1.2357772185735 0.390077959619846
1.14988540925799 0.413322309464658
1.18360257676166 0.418606734453387
1.22124632841417 0.425477241133719
1.15530783553886 0.45071948304032
1.25611793546311 0.461372875703132
1.17300989324982 0.518032442779155
1.22154506231093 0.475695125579081
1.12187751369318 0.495495172540591
1.17365173450075 0.481879514452885
1.21283624167306 0.514700229326193
1.25611793546311 0.538627124296868
1.19801207777217 0.577189779876252
1.19519483671586 0.543518340310753
1.22700020387083 0.557810807898756
1.14517988983315 0.564656596226234
1.23010730395432 0.593829076289887
1.27999081116624 0.612100280833428
1.18456280854475 0.64240541010937
1.20048453550312 0.611694290165588
1.24007452172039 0.643847717486874
1.15591220182175 0.608069173653826
0.989933415178927 0.374419258408884
1.05243488964847 0.309518094895448
0.996864155257042 0.221194399972214
1.81390433877257 0.26576899374585
1.78104151875596 0.225810418082295
1.85966589185758 0.279860591376204
1.68337606815813 0.139190080074904
1.98799977741981 0.351619553533009
2.00795680278273 0.40491218583509
1.27999081116624 0.387899719166573
1.10936883016167 0.676026913861609
1.03240813301782 0.373767201897834
1.05673458025263 0.148434952522894
1.03589923167436 0.234473544477433
1.01533891606698 0.278347944342882
1.03009397442982 0.187525657552927
1.76691623637813 0.196108992613252
1.81901239350673 0.165194484269216
1.80281228666357 0.197247230644211
1.84190145104299 0.196883381429492
1.8866325950379 0.140462948159584
1.85631028118187 0.162364915368245
1.9104923272327 0.218779322537048
1.83264529226588 0.0976608342048886
1.87310899453927 0.217504441395468
1.89305713223903 0.181298379400448
1.85360273740531 0.126675498645024
1.89058126023154 0.253898360640793
1.99404405378476 0.127498235214974
2.0625 0
1.94018415846181 0.258817285708603
1.8999515637998 0.296444207762874
1.93620965702418 0.184020586175457
1.88136614479469 0.106621843072095
2.0210073287338 0.152236832364781
1.71736273512596 0.162346415115045
1.68072240516338 0.179604241074998
1.74141919561332 0.0905192628406333
1.65411652537634 0.211314987338836
1.64770120407982 0.157141809956577
1.73952045349941 0.129825422746438
1.61433830497538 0.147301717063685
1.63965882828632 0.122930927609958
1.78560257697568 0.112352547065353
1.5542736634811 0.0494235154416261
1.95835581466804 0.367841077622762
1.96710698124705 0.329549360285466
2.00253816379669 0.316932556658244
2.02885396575259 0.348352558681023
2.01730493462043 0.249250331991987
2.01031877924021 0.373644603214403
2.00037660318684 0.281008947316149
2.10260817609923 0.332261787863073
1.9780874920028 0.248737184922258
2.06800028621342 0.350708426482983
2.0589185919143 0.29182267953456
1.95035852211782 0.22077269948884
2.11800503262155 0.402835348786409
2.05000324733311 0.323340843313504
1.97851381473512 0.188833868240584
2.08565141376742 0.383823851538791
1.99808963510286 0.218926361734296
2.06812608320785 0.450683641114456
2.04504261043742 0.179828889525222
2.06745978710715 0.414782220973716
2.04128609231575 0.212804227726234
2.0128526592972 0.187909199139323
2.04720857210474 0.0966160745205222
2.03380751021054 0.433363668102229
2.03252744518943 0.478560214492557
1.14222431683809 0.648611864204738
1.01232669041198 0.449389187534017
1.01051994979329 0.331698777751519
1.07728116140185 0.1841828317995
1.10344885377995 0.145363940221481
0.877013124852898 0.142328813888709
1.93474962361892 0.295368529250309
1.92409459285267 0.147816897527705
1.78125 0
1.81680654929375 0.129606344751527
1.67665811420764 0.0903506250138561
1.708991218428 0.108651722227028
1.70908987560636 0.0707649344230578
1.734375 0
2.11880475437962 0.191631431091474
2.05872248341283 0.250389920145565
2.08378900965017 0.2159239923922
2.11891699613737 0.270821852784433
2.08529810401495 0.270980976884598
2.12033842890443 0.231224547704651
2.09974423858794 0.527728492541885
1.99910580924433 0.473678327938775
1.17402284633017 0.718018290861386
1.07738406668335 0.604299560778601
1.01170275383003 0.408746191384827
1.04649827924874 0.428538310358315
0.93996590198572 0.430173756896078
1.08354378722402 0.429474248414537
1.06005602849137 0.489184109732985
0.972812486394979 0.409343220709276
1.10408022219356 0.400531141714003
1.04296080364657 0.461167494914041
1.01033372820315 0.500299842166647
1.09198781233182 0.467270390443808
0.919462399976279 0.361530555914212
0.952880266827638 0.377913144852785
0.957984254840327 0.325226971887815
0.961787094888664 0.136344700279994
0.91018734798087 0.140979327340331
1.64398080448676 0.0905401417456271
1.640625 0
1.52338053100978 0.0644370643237657
1.50216162460836 0.0356759318168887
1.546875 0
1.79582487890882 0.0624232493830188
2.06690531327089 0.154858775735238
2.18975926498645 0.208709207554862
2.16565728314427 0.252675533397159
2.1518736010452 0.210176742384455
2.16821489860652 0.142282144183729
2.16961914601445 0.178533989328739
2.2331815430864 0.157918723486652
2.20430763077892 0.177190300073178
2.25290777584002 0.218739992958697
2.04617799415009 0.530428256499912
2.07306984209739 0.493665045354621
1.16825520982005 0.678673275688737
1.21145679479542 0.676298340977271
1.13764783657147 0.703255300224949
1.12966463166557 0.77511965320217
1.14379096851054 0.74031331529648
1.1833279662513 0.76228056682151
1.07831946605313 0.734011152094978
1.10364734382557 0.710268442172148
1.05587488043241 0.684687272953598
1.11011633062485 0.746916078225703
1.07256220913141 0.79382176769568
1.11720395351164 0.59460560532867
1.10542703189908 0.63286061854376
1.08390536925682 0.544456027126166
1.06535954461283 0.644153624409448
1.09147704509157 0.575558220281219
1.0447349448248 0.570464614336606
1.11493190856645 0.553375509031855
1.14073399199529 0.530384880360209
1.0344280746084 0.613080158108222
1.02281258629659 0.655574361613152
1.09208904278556 0.371502656212998
0.982287088228256 0.34441412288066
1.12256516029616 0.0939192548884971
0.93437094270716 0.18030341100378
0.989142817903345 0.180341041801545
0.920581752612639 0.214455521957408
0.959673310209556 0.207067167183088
0.958939511884815 0.265016195334859
1.0917975462355 0.111760383953995
0.944870999505286 0.235858888188163
0.894784112201528 0.268215339226234
0.86343179696115 0.172625640897252
0.942112059347913 0.0740288921629764
0.897905871023505 0.185480958025072
0.875883959781386 0.226076106752634
1.6018893041564 0.0639556187436959
1.5703125 0.0217569686213298
1.60121640578558 0.0315455219182697
1.6420968826038 0.046908795303665
1.77231421550777 0.0836208640326698
1.86585145614345 0.0540472139538381
2.08641766894099 0.182330540308517
2.11589376039789 0.140729174895471
2.04531822237384 0.129707270805092
2.0837164679155 0.11530119646441
1.921875 0
2.07706579415466 0.0832875967481315
1.96875 0
2.12579452149307 0.0898620572177484
2.13006950804041 0.46533387381798
1.25406029930154 0.685025656446354
1.18696594568823 0.845509304966975
1.04505106668711 0.528439965205488
0.964035906806375 0.573501148647964
0.987734572832073 0.728741144009972
1.12513641453944 0.124148758404661
1.1559040286001 0.106307629339163
1.15865010303765 0.0478635616716548
1.19263013840521 0.1304122807726
0.782484011350185 0.111476711593777
0.810632801614327 0.280650479313248
1.86029386455526 0.0842637447257767
1.83324482436016 0.0636693786474867
1.89290049633856 0.0746415800321281
1.828125 0
2.04268747300789 0.0463823955354437
1.92487958996263 0.10424569403058
1.81553366374053 0.0330530415755712
2.15625 0
2.1084833968042 0.493409220741979
2.16904629747354 0.517637767618874
2.13372943579965 0.518110262933669
2.13378730494274 0.583165757019967
2.15182599277278 0.550621938193171
2.21890798032684 0.564656702636915
2.17920925889485 0.587071421792091
2.187346251707 0.548179023366736
2.23233749572481 0.500467624979459
2.21657041617255 0.530668254436804
2.27799134063748 0.543518622146731
1.26827415298674 0.657233976219512
1.32539971916657 0.674600280833428
1.28940608642441 0.685572377019596
1.31670789061709 0.711166424804888
1.35067961862435 0.771141406972411
1.3421517799038 0.736363022686
1.38789971916657 0.720009188833763
1.301327201666 0.764808146367068
1.38937130729217 0.760193099113104
1.4435936217367 0.804831060327389
1.38545621916892 0.820200065134309
1.42315078095519 0.774411988653571
1.37676984648509 0.789502131549081
1.3125 1
1.46137287570313 0.743882064536894
1.47529050663171 0.781009601180894
1.54261672170239 0.809307915813326
1.49179840403475 0.835973746313599
1.5129444091949 0.785664019045725
1.53862712429687 0.743882064536894
1.56338653460391 0.775206828865441
1.63669596914645 0.781069110237176
1.60086798532747 0.767799441244332
1.61210028083343 0.720009188833763
1.59925333157496 0.827161438804266
1.64531030471706 0.742115466001454
1.57491631501859 0.805604863188758
1.562917971914 0.843667125627198
1.71679125098824 0.72508504879314
1.52716402523318 0.841615326055673
1.72000918883376 0.612100280833428
1.67864904809595 0.723519593277521
1.49979008051402 0.89954577855615
1.54264666207827 0.88436410198285
1.67460028083343 0.674600280833428
1.69544125434111 0.779827426832888
1.6875 1
1.63553602009842 0.88111928032284
1.71301917122759 0.685365203467277
1.66578589864289 0.767072828642159
1.6666089434807 0.806011904060289
1.72744295361749 0.844031398736164
1.77574280409834 0.647072520120888
1.73898072788471 0.657373205597207
1.63279555894936 0.816154889919138
1.77237649382893 0.705808866465778
1.66063230876886 0.847520620126998
1.59609750633922 0.868461143078258
1.70238768165175 0.816442480930594
1.75987382985193 0.610466016894026
1.74020585186329 0.702822396861202
1.75300385772177 0.739727020994707
1.78128454727589 0.524753040551666
1.80763170823268 0.554707389556895
1.7239744602101 0.759421091823224
1.82281770687579 0.757110283288769
1.605489633069 0.906966088501147
1.8141948157374 0.608660651476287
1.77588099259783 0.575844440009352
1.77256698080016 0.799805349114836
1.790362272348 0.73857309187788
1.6113020230232 0.954957182179466
1.59375 1
1.74388206453689 0.538627124296868
1.73779392940992 0.809459399943322
1.83945131619505 0.690307155529582
1.79255609776618 0.772412618954365
1.83481372205576 0.818406935911604
1.6385828524909 0.915048720758666
1.68725278696682 0.893576684040677
1.76392173774658 0.836117714301082
1.82171354093808 0.721362949838486
1.82174217037089 0.515731794582978
1.79886544399081 0.825251795467665
1.75971112506576 0.90474137750847
1.88563578462593 0.737279234958353
1.84509696848276 0.546229034406023
1.7521387181756 0.869835740500847
1.82897363074939 0.885555745776568
1.85143005449549 0.738335783753443
1.86995787378966 0.783940352467576
1.84955072389089 0.58729725716533
1.8579680578509 0.512181172516458
1.792018775028 0.864854282537375
1.72425228992473 0.894159599760385
1.91301850216101 0.629261624853153
1.85729784436523 0.640056846416953
1.89381103639526 0.524654707737385
1.78125 1
1.88720267535902 0.59932884104457
1.91612674636018 0.552968976211403
1.93698838275596 0.592028542535978
1.23460746106697 0.726976665412663
1.19688436290299 0.803381886603607
1.00189107028639 0.546201797493674
0.983147354075496 0.621897545169149
1.01559199022539 0.697104660906249
1.18863789550891 0.160286199165689
1.22734021897379 0.132573661108363
0.818912787992631 0.0991062422463666
0.850954780200515 0.26256539573613
1.8515625 0.0238306381508546
1.95585633298636 0.126596457216155
1.97428704712845 0.155129694807313
1.97640413144445 0.0654772250510025
1.97560724853919 0.0992229384470873
2.0108710336172 0.0831734039883745
2.109375 0
2.23879373320498 0.646238943769861
1.32339637736436 0.78829027872161
1.31505017743056 0.822968564667997
1.2909038384339 0.796716005124737
1.25297433458856 0.800930390040569
1.2639695434077 0.765225015190508
1.34855268111863 0.879481659275499
1.27592776989801 0.834721385545566
1.33977123878084 0.846500391546675
1.37495728532382 0.854791602142417
1.30163113969567 0.874315088170314
1.23146136893923 0.840235010409381
1.42469842167729 0.850999572830526
1.40625 1
1.38128495131379 0.88802281476453
1.35696168908685 0.914246335331443
1.54166909508147 0.949685593911192
1.640625 1
1.90877125509557 0.858667566257211
1.83755253348026 0.786048777023075
1.82389537840442 0.851285709891002
1.86699692302886 0.847346556709487
2.01076859434567 0.595235498326385
1.20244388961898 0.73515265488631
1.15239049067029 0.815137612920093
0.948992425348638 0.512744853441936
1.0021303567706 0.586429574723379
1.04458018593723 0.719595455486062
1.04677168566331 0.76115682146451
1.00176100889078 0.823208777950051
1.01899137727981 0.741783195276993
1.01113276721032 0.782656084342761
1.03785731008492 0.810191403555782
0.934558149410615 0.786318888999119
1.08422860815554 0.863528797719427
0.973362008599788 0.795286490355232
1.06856491264261 0.830320547021813
0.879625071890879 0.856664828137207
0.96156093454688 0.757912899370482
1.10931599857447 0.8163152714349
0.97231434166051 0.866346826096435
0.94706852696396 0.820623240835027
0.897703558625408 0.724247405299457
0.9375 1
0.94328348788613 0.715186207465222
0.92488454029713 0.750085695655459
0.911114675995951 0.814249960519587
0.877254510492279 0.772974960092883
0.97724680647234 0.66904499154458
0.865056655538074 0.32599794637476
0.803209376259098 0.210106525489775
1.90164750896342 0.0350925335695085
1.94463156223581 0.036492857065812
2.02039024524185 0.112143588493711
2.10414203333725 0.0664748897975199
2.07539158176311 0.0503823484486689
2.13977439921926 0.0552022780336734
2.17818129603165 0.0908427924144238
2.14957461571952 0.665639183371988
2.21734564854049 0.608252229216327
1.21875 1
1.32137854267474 0.910622275770848
1.30612541124127 0.954236918115678
1.26985579229827 0.915121512068971
1.53003496090038 0.916843422754813
1.56788641320366 0.912852900985096
1.49161144839574 0.948936457571944
1.546875 1
1.67239706388786 0.92579898235343
1.69374870974374 0.966310585090954
1.734375 1
1.73012911828295 0.939167728674658
1.95577527635028 0.786810176530814
1.80961730722307 0.797171675038239
1.89764070201914 0.817005326144221
1.87653991627245 0.894866865517961
1.97438240445767 0.582038776039708
1.99136631110811 0.54639454732752
1.97272573033424 0.643367202030256
1.96246288333191 0.612403381188534
1.16021271280688 0.784233548598945
0.98216329829491 0.518845907985051
0.973169958362298 0.474517849433963
1.13773218874473 0.866691156272023
0.97198115868587 0.700739443142744
0.943408385566655 0.679707786803031
0.950029639227515 0.641695784515337
0.879334218575413 0.648964129499921
0.915706953727217 0.655299841677266
0.909331372269855 0.690459347582607
0.907431542899626 0.595234103422108
0.862018511846173 0.693071937035396
0.842508577127509 0.297726885612152
0.796298931809774 0.345695638991982
0.81263891829493 0.315194505909743
0.833601322135772 0.346051803300493
0.750398830335467 0.301478784066008
0.873032132776028 0.37320427120255
0.814318745907551 0.412000568717923
0.814659550634593 0.376306843520606
0.751214020195873 0.393549553354793
0.780505116901867 0.375980735993268
0.743554920704278 0.347578373159183
0.837651407498316 0.226716292996304
0.807452397384662 0.245322592172638
0.833406503625672 0.191504130379753
0.77196103495043 0.266324815336767
0.785331025188175 0.147274151486791
0.9375 0
0.803131192235547 0.176169028103307
0.743008463596506 0.193276375501952
0.706148631847292 0.250147540626892
0.736471324554563 0.268746410918512
0.692194630418696 0.306915221425434
0.738801231904115 0.230930087231056
0.703264089685977 0.207897447049854
0.769310810553371 0.215277167254093
1.9411374402569 0.0722297792487173
2.15331184874589 0.622176050631084
2.26057366012073 0.587975632464802
1.21351668589466 0.879173709654762
1.25819977524368 0.873811879279198
1.57688787796845 0.947007117910872
1.5234375 0.976998495133296
1.77826802757633 0.950609869300432
1.72488986755278 0.970097719795671
1.75738132704627 0.976246791088031
1.65353242914146 0.961624086046997
1.91329588984461 0.772537307179077
1.94023156649591 0.82794462879919
2.0625 1
1.84165333851345 0.946933716489919
0.928744649229512 0.473179373911183
0.979874434173844 0.441892781803054
1.15731457094099 0.844398365546849
1.17097173259136 0.876142209252913
1.13759785096094 0.930341224329079
0.856365385807088 0.735554001731125
0.890853951686073 0.345916398524149
0.899982904662008 0.307428221331506
0.927718712093878 0.283799978778478
0.905246544724509 0.403160551218765
0.792485390312682 0.640322062058479
0.769255814579504 0.327836092813963
0.782952913384395 0.298112543514907
0.812839724346631 0.130662458364883
0.722861359098099 0.320948407544986
0.682651027053035 0.368295464513603
0.637762956763284 0.222255627728888
0.375 0
2.19233251630094 0.647423534359717
2.07660335141906 0.63747241418415
2.24990490448519 0.558155236352052
2.25114055087884 0.526260272429702
2.29516023880756 0.487290404276978
2.26437463870122 0.496862396251645
2.24196499124009 0.441871994089827
2.27050952107463 0.462300931139307
2.29245212588867 0.401484885694736
2.3143170157049 0.443740301391779
2.34809251547744 0.59662386990907
1.265625 1
1.5703125 0.978278547509284
1.79988953946358 0.915174501583904
1.95329111334805 0.712682116689559
1.96875 1
2.02092345768146 0.83493211224944
1.84818107098929 0.913586493450402
1.88468349856449 0.938044373161249
1.828125 1
0.873491110930494 0.526419246203522
1.1889023885606 0.924558037314359
0.800472912159533 0.79129513637112
0.860853954744616 0.418599973470919
0.834691049185169 0.656891029145825
0.876769902835009 0.109128045265999
0.749188138037651 0.0980250570099212
0.791369725330438 0.07782023194193
0.832217919313808 0.156297638051808
1.11194811641997 0.0484364869782672
0.847328434126583 0.125945002632802
0.719006459504813 0.37529192560815
0.702744502521671 0.441515859602746
0.694554534034783 0.404396118955072
0.624606279176936 0.407447425835301
0.659150093335114 0.396057257447225
0.655531581374316 0.443160012496082
0.621686559868769 0.340515688616633
0.648251125820107 0.363003144854075
0.657577415581704 0.325051775141603
0.619852088951084 0.286875721978138
0.65908841572797 0.285830627268908
0.711207688264652 0.16816149873957
0.580969462176923 0.241306313486269
0.737338374451401 0.136959997159073
0.670850213190923 0.238912259173273
0.638696571881496 0.257306640367733
0.662629985020127 0.179112323302809
0.5625 0
0.672368452889061 0.109091613999826
0.711388105202273 0.107791394819242
0.692860611129396 0.137921346681995
0.65625 0
0.721310199715116 0.0681597102045556
0.655907534915368 0.14248979928476
0.599906358987779 0.171697655381344
0.632411757209222 0.165730947090804
0.606487465558921 0.116025456461643
2.20324488662338 0.732329321128415
2.11262897149071 0.618146581083039
2.11068950489395 0.657772095415918
2.06980506222199 0.58155869799935
2.11618588362589 0.730638213791958
2.10166399506619 0.587625081965178
2.113819423798 0.557256426165128
2.12371370350963 0.693430022897349
2.16629382384853 0.707125254475269
2.05938242451396 0.699780358242194
2.07927981486733 0.671745913684039
2.03064103560981 0.658302926998957
2.09252336017146 0.706485306491759
2.06503859994219 0.757079536909574
2.28381921388939 0.432736606428672
2.25658203846897 0.408394434866359
2.18992703768522 0.399221222093555
2.26226835761002 0.34135189063747
2.22196087757474 0.413207909338641
2.18711501593351 0.458838451791718
2.2232081036812 0.366674331438802
2.26887993255774 0.375675080973889
2.32641969293523 0.346792987334792
2.38194094566138 0.499475033562191
2.30555271318811 0.579957326652553
1.2421875 0.956287064680391
1.92349151458634 0.736060026634916
1.90287278560946 0.684169258524405
1.9582017204511 0.749623207798722
2.00851443005553 0.724138170456336
2.00067466823608 0.771067208157301
1.92218875218195 0.90306312534865
1.98156292816638 0.82005872469331
1.86827631055423 0.967214539478418
1.921875 1
1.90441366118805 0.968341207561029
1.9453125 0.966428319199042
1.92351127956477 0.938482348842885
2.015625 0.942307926046097
1.98392373512949 0.964439626862857
1.96280864934123 0.93030244375096
2.015625 1
1.8046875 0.973799855449278
0.909172881610076 0.508158972024547
0.924404403910207 0.55107349588895
0.868345567047931 0.472372122204888
0.836280092147512 0.77130685493367
0.836299410217935 0.81340824794313
0.782942793260261 0.717824743531719
0.81715380510371 0.737043859146749
0.818122728881707 0.695260889153859
0.84465196454789 0.389922156886339
0.837829624245314 0.586857105014157
0.68205267146133 0.52603342078486
0.756750190733255 0.16344919098501
2.21659898027509 0.687458868987627
2.15921603829177 0.757190377846181
2.16537430606772 0.34082529653295
2.34926176325989 0.398873630342051
2.34026894043292 0.481144392435331
2.34528242108534 0.541173657625089
2.30439023104415 0.645547171241937
2.03020705620227 0.751881403824706
2.04154700305383 0.795193234243948
1.97049170994971 0.874938966382026
2.0390625 0.971153963023048
2.07847981590762 0.915182722653435
2.05087776392412 0.937609480751268
2.02646287865778 0.889024087931882
2.07580715935264 0.965243347781488
1.81110498306322 0.943765629897334
0.887563491589777 0.562255926964035
0.832674774232859 0.449933882423314
0.893676956951996 0.44143497149363
0.802478331262545 0.441138097473435
0.782502769872611 0.678431753445823
0.712889877346691 0.698908288567405
0.735038025795365 0.645636337813885
0.750584045214712 0.69848724118299
0.732483362140441 0.765519125950627
0.732080472419353 0.729450518613018
0.668342226587348 0.748199034613573
0.697567323334071 0.729836033719789
0.650402240111069 0.687209499857109
0.851620962546219 0.62256245456847
0.817215953973624 0.615335375427286
0.872266347014903 0.594071934416152
0.760556169733457 0.583988251703719
0.799367620603636 0.580716443568621
0.782202787232568 0.608934674183722
0.749445100182189 0.615494456453684
0.688808322469586 0.605025628673761
0.722897400260763 0.588419734214598
0.774161881926964 0.51355035201876
0.825750679235876 0.538989900605159
0.690448604395145 0.565100361101366
0.777292593376068 0.550688059542661
0.616995730003443 0.560450563878934
0.737657559777633 0.551623688490715
0.654377908994409 0.552416705450676
0.64431355861078 0.596574534391566
0.62301078727623 0.497451053670181
0.648989876759048 0.519058553988321
0.658155414093464 0.481617346868815
0.775400194932127 0.186365357509728
2.18450609473649 0.679539270001216
2.18918535977779 0.365173467249614
2.15305971859553 0.38299236428859
2.20809631397693 0.322862707802902
2.15548571150582 0.427471629262099
2.11997958313941 0.365438238840789
2.32145822199828 0.413260457596211
2.31822978624397 0.379600560811019
2.35097993700745 0.436253669578489
2.41638534780284 0.414517801892258
2.3806173223034 0.416161879417873
2.39558683914596 0.351932998641159
2.40043987256513 0.457514043562629
2.3971600158483 0.386158528476384
2.45704585022111 0.366256955252126
2.33417158209144 0.569533041259372
2.31008028990409 0.547890038148858
2.3711377586634 0.567659677006944
2.3216506179069 0.51292333271507
2.41096066083813 0.622994632218334
2.38324554840229 0.600943214864208
2.43619418434385 0.562837674860955
2.36223095708002 0.655797647764963
2.41509373409466 0.589357573410408
2.47265642339837 0.613502901522143
2.28946486684454 0.733567219156689
2.28814158089274 0.612453964233287
2.32132704035154 0.616695637457455
2.11206232350794 0.812359318982219
2.00953205870034 0.80274603552332
1.95318196533366 0.900751655076081
1.93566116241957 0.874766072707088
1.98836374338546 0.905634002535667
1.99243371721088 0.850808576116662
2.15625 1
2.109375 1
0.78833961114126 0.851031529159354
0.917793533654606 0.881172859983984
0.801482327644533 0.475182399517873
0.83441897136375 0.860390894902962
1.03249079939251 0.851865422852145
0.77416740719231 0.45483782663986
0.854151057632959 0.557280888916286
0.829541572033085 0.494487459197748
0.658903476078172 0.641116407634033
0.566616809978087 0.626939523184896
0.609023899494462 0.452187152946443
2.17198884918102 0.296771194669898
2.36830496475229 0.464110639935847
2.44359127077648 0.501595988495106
2.24652945240606 0.720789020631139
2.07958783615585 0.7923434816485
2.11481964662024 0.771533862750364
2.07113872474912 0.842403520670775
2.1328125 0.943775981286412
0.805397186702927 0.823395744129686
0.759317826480438 0.814036378386078
0.923891966334033 0.846769518401259
0.774642712620582 0.419717485300472
0.740574296475019 0.436819803201989
0.736795113711691 0.484190572591229
0.805583217605024 0.514859274716271
0.697035956903912 0.642278031212088
0.601182934702143 0.600799775603676
0.609412646851466 0.655819019927498
0.535776934191718 0.499613996832939
2.13706009584373 0.314050409515816
2.22079378740467 0.267261041346353
2.41319070700369 0.488193592434589
2.44512789385658 0.456930582833933
2.41335054369161 0.529010929949369
2.28004564827072 0.686694568764713
2.24534493871519 0.803290765254918
2.1328125 0.976773059505397
2.1723907046566 0.960274520395904
0.76648323949078 0.778393672683442
0.786616316546428 0.75134391956676
0.694604984447782 0.865868658445095
0.374153843381858 0.256508177174054
0.725004463795653 0.41004811032925
0.740554470715315 0.51786456486665
0.708847197918895 0.504357514717986
0.625356232482038 0.625309080268922
0.579088829747797 0.486230293416481
0.55451132238592 0.559236129840204
0.537503895355314 0.402194028868908
2.20265094724335 0.292368514381099
2.2413137929772 0.301197754359542
2.26663628915556 0.262714259461234
2.53348077490816 0.425188371317488
2.40248747101488 0.55952322265251
2.37913776500328 0.534020297062945
2.32693294889234 0.686659773231216
2.24821171227174 0.677895341928773
2.2716741651097 0.653685960214397
2.23430231353636 0.761872845844663
2.203125 1
2.18184896077676 0.881864012282039
0.743646257555635 0.856211351290317
0.804297101642728 0.890579254923464
0.592246308208611 0.526300635050849
0.585529070153758 0.571391938471763
0.559028057442701 0.593362467617176
0.503299576970428 0.623603760164396
0.516585265206339 0.581617841872734
0.580314222279459 0.417104418617278
0.544491970201607 0.451043197163765
2.33649162718574 0.239768028310826
2.48079981428311 0.480516938254377
2.4375 1
2.27496466702868 0.773212688302714
2.19456932255938 0.794647267048776
2.2265625 0.950115382196111
2.16606192096551 0.919735407344653
2.12339964217397 0.895744321554036
2.20661235439758 0.914413044973097
2.23961953218006 0.863606547962638
2.25589029030693 0.910302126433239
2.21400742084282 0.883092312732494
2.19955408202423 0.83991027313455
0.753594693626998 0.90534078501482
0.375 1
0.477856729918151 0.355951244495253
0.417749035905956 0.513604901261949
0.516637470515906 0.538382387838396
0.57461434236381 0.364556618224026
0.57679952222305 0.449269180931406
2.29564839918902 0.229526730683069
2.49676829610774 0.417598042096201
2.5000049105804 0.544168438268168
2.36976079093301 0.700026559465916
2.625 1
2.2265625 0.980563560747188
2.34375 1
2.25896560933003 0.965339471471649
2.296875 1
2.10876646354477 0.923550171944612
2.08878832741248 0.87738308239857
2.05880374583667 0.889511311640643
2.04307087984084 0.860222899271883
2.1237776122597 0.853229699233632
2.21721814967858 0.815058965209532
0.768669550835937 0.876716242336551
0.722369294213272 0.824306017133856
0.657805979579674 0.8320434712285
0.708810756433059 0.791709831044653
0.84375 1
0.597315045158286 0.388677298617802
2.28690425071709 0.174104326205701
2.33507348334687 0.281851781926027
3 0.5
2.46993901222448 0.0781402331870185
2.5774792168784 0.37306346636138
2.54020185970152 0.388555633548161
2.59983948941161 0.0676907587239297
2.51077898879827 0.365720898491975
2.30286152706321 0.265107124901698
2.63346560446744 0.361905746299489
2.578125 0
2.47661165758101 0.516503655632171
2.40773935361447 0.670805406800949
2.31283237276014 0.840126562752652
2.33614566683711 0.732436422487405
2.3203125 0.936303959951498
2.15718753497285 0.821538658680367
2.14927855844398 0.87471540300274
0.861920111605003 0.917953406429102
0.501144381742955 0.432319827740108
0.399987488312555 0.23381899969067
0.447419864974004 0.336976268851635
0.354656556991744 0.208257244889051
2.625 0
2.28434682327502 0.812075093971897
2.39080607800947 0.645650600447459
2.32482614020673 0.781738861023595
2.44660260927428 0.649409957428969
2.4405511148144 0.752741497758113
2.29987472498123 0.310208530695604
2.28348600087413 0.874504080963165
2.25869606551375 0.834987735842317
2.3203125 0.972463993766808
2.36944852052384 0.954383976859153
2.14496070444679 0.788947108834285
2.16975863849653 0.850584881904899
0.837962580137446 0.894048641771037
0.816238409110978 0.939778355922088
0.884377340908158 0.891239238527504
0.917951482777053 0.942194310050533
0.510575665682689 0.470024877672491
0.457997673876841 0.543972596905079
0.505073960185741 0.50856497830904
0.475098391852353 0.458866857422404
0 0.5
0.609375 1
0.530308835405261 0.691574118189676
0.349025134323018 0.356299381758685
0.507218625902514 0.661397943906392
0.6328125 0.967711066888463
0.534208651791112 0.639498942927469
0.563853895851311 0.667902634788655
0.466448258429438 0.716516791824984
0.296464500985421 0.39301371787958
0.589044375531274 0.739204514704789
0.37723873945391 0.161370768393204
0.49478174068247 0.694836573682577
0.360463156829834 0.389175136923596
0.56639372456374 0.707106084582089
0.391991462196367 0.330053294545271
0.518201303220611 0.754797538496306
0.60928041188415 0.700883637500178
0.537034043524042 0.725633051868662
0.556190349618491 0.758665878537104
0.603216501244887 0.800591642871843
0.586369728709583 0.77215148286093
0.62697330794645 0.758865647669005
0.550076598320474 0.812859774761064
2.27943925830898 0.203683095706828
2.31779449037587 0.197631682978879
2.25161091706868 0.185551053974508
2.36427948768548 0.215881287851918
2.32154414389924 0.160666229706191
2.28040215933391 0.105978303326798
2.38519886826333 0.185796057636027
2.4375 0
2.34982754971301 0.182208107875207
2.3738736541193 0.121298492724367
2.29326073808547 0.139124351537176
2.42807199164289 0.237922963554196
2.38002150842473 0.262300675153661
2.37044043464824 0.15514442359283
2.43215654285829 0.144307609170885
2.32831471947707 0.106458431511203
2.25853137957087 0.133529971564363
2.39928418661379 0.217905731009086
2.21666070303475 0.115378075557671
2.42751842293912 0.186376233532076
2.27238433026851 0.294069489760607
2.38667272738632 0.751204953401341
2.4499300178011 0.701447792954633
2.33287163098945 0.886947603324968
2.29324401850259 0.910561666337666
2.28667896792061 0.944567576956124
2.31329310138232 0.753140283623764
0.433179874614354 0.36778590763014
0.379499216432737 0.294147436435599
0.457295374829606 0.388061351112122
0.356451576521909 0.322292153221268
0.489108791793942 0.559966906449882
0.328445706686175 0.282198652663628
0.49474603200796 0.38759305106857
0.531977751379742 0.608554701128458
0.322094158106091 0.334245671038425
0.639578472193897 0.723328799394456
0.656891574744965 0.789344330225425
2.37384368035328 0.309541182143039
2.34350527039346 0.135882460259112
2.34375 0
2.18712337765421 0.119260497595765
2.15640890945547 0.113309555637104
2.20542773704202 0.144218738201892
2.22746356764826 0.0559937897978145
2.50441354857094 0.173564028466694
2.3659190915576 0.729679529385793
2.39869114459992 0.718849981291816
2.353900674344 0.762034501495318
2.38948450212728 0.814715536783908
2.35718089251065 0.798177060399677
2.35565302602873 0.840978935470899
2.51440352505142 0.671199922943732
0.476138734724529 0.645520473859838
0.522829140379696 0.334986742112796
0.633456529953082 0.811205554728588
0.627349843898182 0.842986643546638
0.5625 1
0.59952097789868 0.859505827491845
0.654984160452695 0.872043106763029
0.668979978977374 0.950864551754687
0.679831990685684 0.901280497050429
0.7171132281183 0.896045966782651
0.65625 1
0.726412674245312 0.935787256333067
0.643554776390571 0.906933882371531
0.770866349955302 0.948117610616571
2.42543171437752 0.292263350523137
2.36150264390903 0.342643057956327
2.34025150776197 0.315588970025017
2.36927948042471 0.0580496759773623
2.30493462231959 0.0487203920403163
2.20993758710218 0.0834803011465473
2.1850443369064 0.0482771152457823
2.24732255505899 0.0879870233508488
2.2663545864409 0.0540132752177844
2.46415913312318 0.169125927412577
2.49215386969303 0.0999850041916101
2.4788456732368 0.220692861556054
2.48790716169284 0.138503448463259
2.55831309144183 0.126772468087701
2.5247644985242 0.14256701723264
2.5695381734315 0.194142142973401
2.53987790792955 0.174668827489117
2.52894350541317 0.223648055772523
2.4201929974462 0.698025104309573
2.41912652476067 0.887821110282467
2.48407416561036 0.649193231684208
2.53280870140507 0.613931002028199
2.48142632164579 0.684745585023785
2.52192764542344 0.736432238319384
2.48279868659081 0.725381821797122
2.50973945179568 0.704787979941299
2.57013537729195 0.47160344453199
2.48840403897001 0.780335583821307
0.439019371739275 0.467891417357055
0.524699331743458 0.36978414915323
0.784682508640643 0.917663938874738
0.796875 1
0.741811376064515 0.966569385920773
0.703125 1
0.706611678384309 0.964935317329494
2.40597746629612 0.31983150597951
2.44582316573628 0.327301452250381
2.42758540546808 0.35364988779071
2.43125920694799 0.385790284692614
2.46385132024012 0.402028695803468
2.48503438855842 0.281028578049071
2.45722490237542 0.297213124495876
2.44579956503778 0.266018642553746
2.49209316427747 0.325141921657427
2.39543033481122 0.288339951375274
2.35867305947798 0.0906113502022155
2.33541889018192 0.065028424110015
2.40387796565492 0.087327823307863
2.30459652003529 0.082460019409476
2.15922889234938 0.0309488586806452
2.203125 0
2.39399573482232 0.855448616178788
2.44976376552067 0.8286558946771
2.37591766608733 0.895423405653909
2.41717757223329 0.832264850905024
2.42389360158651 0.791042171447078
2.43667500887567 0.859393182157906
2.49770811851665 0.867227293200851
2.46308225404242 0.89532458433217
0.7734375 0.979288957582951
0.803485940947375 0.968901817802791
0.837520351009023 0.96645094133747
0.890625 1
2.44483145172031 0.426185877117319
2.47315409662247 0.441286570638031
2.47376630303298 0.251699110026641
2.50996981969522 0.254619360772628
2.56874871247137 0.412476495869838
2.52814034836693 0.296752423495831
2.54472457452779 0.254613373095677
2.57193008912612 0.699003804141487
2.59286057901941 0.337630440989445
2.52023023679079 0.503342944354457
2.60341989766378 0.153876802269276
2.53283076046486 0.0946151037416143
2.6244899800278 0.315456885113774
2.50781163314803 0.0618439799826788
2.6052690501719 0.399892755465649
2.52479345396688 0.0329164868826672
2.40769899470775 0.120938579626929
2.44718857013856 0.0994266442862736
2.390625 0
2.2265625 0.0230989902801645
2.40398193659754 0.928337795931662
2.34923543790409 0.917387574030731
2.39284007281544 0.782749443257932
2.45554222903757 0.782033981450886
2.4140625 0.967292571410985
0.9140625 0.975717740124041
1.03125 1
0.876751211510813 0.963156674965501
0.958751782404645 0.9140317451023
0.951464262283614 0.963069348680068
0.984375 1
2.55430633056247 0.340008573500797
2.63918134683138 0.879182236764327
2.45865979655962 0.128226542380867
2.390625 1
2.50331833656333 0.909525419876252
1.0078125 0.946211665771963
2.484375 0
2.51005307759531 0.454455455148584
2.64298239326263 0.408246756976416
2.53125 1
2.53125 0
2.4140625 0.0411126533633578
2.3671875 0.024331099264238
2.45174098628674 0.94442878316559
2.57549613750334 0.878430987612467
1.0078125 0.978212111172284
1.04453251392295 0.962211888472124
1.04713769272498 0.906097327244704
1.078125 1
2.4375571747179 0.0663320349256275
2.54819250509075 0.0569511805956543
2.53502211702587 0.883799265074186
2.54165132597735 0.818578018655692
2.65679878245346 0.846208606167986
2.60673454193763 0.81815042597472
2.67040512984118 0.811387611590472
2.55146683450759 0.852523211003876
2.56345181678004 0.942883744969639
2.60969705019309 0.110448640035874
2.44788475315841 0.0331570909937445
2.61422960464555 0.448744832938529
2.57032376897041 0.0910797824390452
2.57120406786723 0.300244922273895
2.43707459643764 0.915179577657742
2.484375 1
2.53734700413148 0.919062602546669
2.52498011656695 0.958829348447169
2.61965222544774 0.850423775823275
2.58527472700581 0.845264002709092
2.74230035857251 0.877924840332476
2.81382915896702 0.87454283915491
2.69201063398039 0.839898835441245
2.73175041650938 0.787342624909785
2.7192923116497 0.819225068405006
2.8125 1
1.1015625 0.95979275341371
2.57044230368644 0.553641118916896
2.52243867982638 0.335760122374935
2.71131880944955 0.322770009648383
2.48349971656097 0.0356945092179702
2.71875 0
2.6015625 0.0298097646705229
2.8125 0
2.56880739631762 0.0314444137565965
2.48643490633447 0.961422609951078
2.68109379732784 0.880382369154015
1.07344344407051 0.970336354500472
1.06772847948296 0.935171031371787
1.08466210313836 0.901349850041708
2.5368262950616 0.536987438210288
2.56982936449618 0.512624000755497
2.5386023128608 0.575656843500381
2.60889055920078 0.492403977203371
2.58000234607271 0.601499195549004
2.50290257523163 0.589828498327669
2.46900405335675 0.577678400877672
2.68866861090254 0.374716729659396
2.66687305483699 0.331358560393341
2.67294790007244 0.141758719067479
2.62718472233114 0.0499548695555686
2.64181510527105 0.0869588254042438
2.69637087372817 0.092208216689264
2.64312787577989 0.122456511328692
2.64023847395484 0.159605970008115
2.61536055222742 0.198312149972182
2.68823143947444 0.208667133612516
2.67115385101334 0.177368301098026
2.73517684099568 0.162743864146676
2.65106438947081 0.20863815847637
2.70522777025234 0.179084981813295
2.74917059928154 0.224005863465457
2.66960115761523 0.268628704417351
2.66962678052356 0.235761631401892
2.71157853538914 0.244633378018676
2.61825833719809 0.252155131468064
2.71120055363122 0.866787301702925
2.7129692468346 0.910837905678186
1.10493798832078 0.927151574306034
1.11868285754937 0.895482774599978
2.68895570061357 0.480039059781256
2.5674242277827 0.649544321614072
2.65208939407077 0.562215331228867
2.65812490091263 0.380989317001566
2.68022479505315 0.411101447957402
2.74894677119879 0.407877644944246
2.65859978311157 0.44886193002337
2.71413114343443 0.399797968550564
2.72751624465035 0.360743951600692
2.72169819403851 0.446242023762259
2.9551662159569 0.928288724467674
2.75039853422863 0.328542317346693
2.73704303028087 0.283786769405705
2.77271578465399 0.36863164912184
2.68399733459825 0.300679040049581
2.58967677499599 0.226693898683834
2.58216243380985 0.263901902493014
2.60899577470833 0.285024579070717
2.6445363777078 0.634138183990651
2.76662202737118 0.449290562089438
2.60993125490292 0.57063676446926
2.64924920895564 0.488332941014256
2.67746973270276 0.524243874573137
2.63266070282685 0.525966422250704
2.59839631046211 0.532710249486771
2.68990678369684 0.441718660197492
2.80333194281973 0.475364044691409
2.70549362509627 0.276448334566236
2.65944606925584 0.903931786898206
2.61617223437513 0.918692970303093
2.71875 1
2.76088914091594 0.817103849899862
2.74782903695064 0.518931063172286
2.60724165199038 0.887037181539742
2.58377513050995 0.91074506766936
2.65299387810442 0.955827870354432
2.76633985120402 0.928874122023512
2.61734968831115 0.607773833552893
2.60678476290347 0.645867807273425
2.64645395657699 0.706926194277867
2.63523017315548 0.670802617402376
2.7048792013852 0.668967734098577
2.60966110200811 0.698552493351492
2.67031345332269 0.679707491996669
2.61536085305401 0.758526738953357
2.70523990355826 0.731123195719693
2.59117583339489 0.730567236656594
2.56771201914523 0.775303271938166
2.55627229722933 0.73020035827055
2.79329472834786 0.41342810374141
2.7117407450166 0.509554053788546
2.73834474350864 0.48129917064816
2.71607806188417 0.566994563921373
2.77215863127758 0.492788221968876
2.81863354661646 0.539337815024987
2.78360605486259 0.527834138284295
2.78072695535622 0.595680056626039
2.75676607763659 0.559354086603202
2.74348884964779 0.908510012119772
2.77048473483027 0.892145317677748
2.73096660039977 0.945564347554427
2.77018208941835 0.857704796700185
2.765625 1
2.69112339934743 0.944186634455277
2.76147408322417 0.964391749880721
2.671875 1
2.80762497712819 0.952622122325664
2.78023455672112 0.295268467214282
2.68468642745707 0.556535464611449
2.68558184525556 0.606186499716107
2.79187779601817 0.562259509056177
2.84554778692226 0.598737147192416
2.6953125 0.97685712099384
2.78962629574539 0.978413876069164
2.79945634753521 0.919062594830783
2.80672161593338 0.827977464709185
3 0.75
2.90625 1
2.859375 1
2.84585024593892 0.925543902595096
2.79907822049793 0.750568317427145
2.77060044797323 0.778450434698408
2.74310319669097 0.747628885088955
2.80853966156252 0.788716021627432
2.74140882581019 0.699834521871463
2.87143429690732 0.752869644613495
2.83493171198626 0.761923061147364
2.83713379446571 0.692687339652244
2.86743397394463 0.814855017502394
2.84579678252178 0.727615751042981
2.83452208436532 0.809591982042086
2.84513764619271 0.848745776812687
2.85958955257399 0.783226995510129
3 0.875
3 0.625
2.87702184795853 0.909780514412375
2.85045697481672 0.887098788410422
2.87921890659651 0.71932635424137
2.92380300107723 0.739075759233604
3 0.8125
2.92068002433285 0.847672171186412
2.88311937633704 0.863023327666066
2.82306002220202 0.282488919211673
2.77247907285319 0.722660257559394
2.78730464343606 0.669920604935461
2.8082805216167 0.715167770011253
2.70994884305797 0.700017091252289
2.67916355701754 0.711266197487869
2.66427656917185 0.757866210090675
2.90105658940212 0.759024897104128
2.91170443497542 0.913936394257081
2.89242955667257 0.791868779400245
2.88910870138002 0.955708994376901
2.91207599397428 0.880246732365783
2.95584468797049 0.874383920760429
2.94003032878515 0.901141545205335
2.9765625 0.96875
2.84455529564553 0.96423554359212
2.74623492713313 0.657073943657134
2.6395450620224 0.73793128705732
2.70005654006632 0.767927720640836
2.64021755095989 0.787732711063238
2.93142134436385 0.661678633771606
2.953125 1
2.94720482137926 0.788701518396612
2.85405938333156 0.358388479078135
3 0.25
2.71637072601575 0.63107915578762
2.7522172834484 0.620048904277456
2.78752078081502 0.632489790583728
2.726117495491 0.598991679634309
2.81258922492173 0.608831186476839
2.84192563084476 0.645764620543527
2.69760694862555 0.798101525855216
2.63873766409108 0.81974115003584
2.91483611773553 0.699119625602606
2.87770217790276 0.67515936076698
3 0.6875
2.95970009418453 0.710035565737498
2.91654855586363 0.970551825324212
2.97123884945172 0.901534350788539
2.81870907558463 0.667099737457965
2.88838354498198 0.62568967819799
2.96595969473324 0.67392794089039
2.96069368289928 0.63395896802964
2.92502122208848 0.625604195092924
3 0.5625
2.90655084557186 0.56069844223989
2.97220312999013 0.59375
2.90663264221907 0.59575611996721
2.87516562159373 0.578300604598016
2.93890997519036 0.57815187613851
2.84338366177504 0.563920548472179
2.87230178645244 0.510054837776104
2.94810234023576 0.522384927931168
3 0.71875
2.96130164669372 0.748721883224053
3 0.9375
2.97835406326308 0.84375
2.94623277015727 0.958900721291673
2.76683131231889 0.258709232472387
2.81952045555586 0.210049975751113
2.78631366891487 0.226949070753732
2.7708041561928 0.186834962950456
2.81715220983085 0.246471642998055
2.88290190120778 0.232459055725608
2.84805091791746 0.230192940568649
2.86949360659087 0.16954481898885
2.86299717318698 0.269454610117629
2.81500204933944 0.376330940906475
2.79569737084853 0.11163201208342
3 0.1875
2.85530868476969 0.313597977768212
2.80078503031379 0.334441502633269
2.86299024442164 0.429310701130125
2.77264520038737 0.145722899746403
2.73656067107722 0.116039944745657
2.82191424381471 0.154199147067725
2.90121399410857 0.266163966230426
3 0.125
3 0.375
2.93100804571885 0.251266691451691
2.96546160058437 0.248322762783784
3 0.3125
3 0.21875
2.94361244974836 0.195697901541163
2.94131974098868 0.309131928379722
2.98117252815864 0.28125
2.82409590691527 0.31368462326997
2.83064580352092 0.410384424636983
2.83011537324445 0.448391893804377
2.86464860533046 0.470028435545419
2.93600073533936 0.446729751932485
2.83603929163723 0.496243489344945
2.90818428287472 0.482449127268593
2.70867063686785 0.138586028280962
2.67257427822851 0.0534032533710881
2.96805595756491 0.216397449085103
2.89965814950114 0.337247651246482
2.94913986002316 0.27788696797727
2.89769036070832 0.445586274103354
2.90190319597866 0.391475610952853
2.94676526905309 0.483803343756281
3 0.4375
2.97013524678423 0.456918165856363
2.96407991820816 0.414930409415944
2.90939973617962 0.521152275286957
2.74542155676607 0.0552930810143306
2.671875 0
3 0.40625
2.92943381320171 0.412634293683428
2.94607905348564 0.362486270664175
2.72849186058977 0.0838433001548138
2.70516348100718 0.0601173298523137
2.76649890819694 0.0870861108420546
2.69512338500737 0.0264017836338101
2.79404246206161 0.0459427874144938
2.65175675088509 0.0269696393574095
2.765625 0
2.8828125 0.0830964437622758
2.76605437500117 0.0314944796853102
2.90625 0
2.859375 0
2.8828125 0.0382429275666092
3 0.0625
2.84003882396451 0.0606696856644425
2.91461823449438 0.0606696856644425
2.953125 0
2.94197461794315 0.113187403475624
2.91442067065147 0.0941564003444434
2.90384288925416 0.138933818065216
2.92945827432693 0.0277108205423792
2.84264279443661 0.107706891229435
2.80899614902523 0.0784315175395944
2.82407686867468 0.0313300690892979
2.94620503941283 0.0775999806112178
2.96862709523696 0.0372015535722787
2.97506253298288 0.0990755431784338
2.94208175219861 0.154456781360447
2.96800268367104 0.133754663280234
2.9733174610835 0.166987986031879
2.90808706319711 0.178273845918521
2.91287293953267 0.213443918170524
2.88298996536306 0.199554379902353
2.84986760826109 0.19641099807789
2.87623709124902 0.117452074737054
1.45040911936018 0.131407819970097
1.26833699226411 0.0598880617512538
1.2421875 0.0310667883625825
1.20019857753804 0.0383699088154074
1.171875 0
1.22616249920936 0.0632900105867405
1.19356447545579 0.0889329179796216
1.1484375 0.0192829505993921
0.84375 0
0.834582378312977 0.0503678567531029
0.915187814779138 0.102277031872738
0.88730134332269 0.0570422883791107
0.947872049102334 0.106474198424176
1.03125 0
0.98256049294424 0.108491118198447
1.02558424539468 0.117438806865212
0.998087115336006 0.141744247202304
1.04018781496954 0.0862250209113738
1.05874763202861 0.115261168531768
1.02614227331828 0.156209306009069
1.25034849467615 0.615798017599148
1.76198860086067 0.24980417610926
1.58502801109501 0.160231068670296
1.12820380023961 0.171263943235973
1.75517844856079 0.0409784090232132
1.67903522980725 0.049171433300767
1.71377069859267 0.0325376462847712
1.6640625 0.0212795920721108
1.78455074666408 0.030882933644012
0.987423395723498 0.302719503258648
1.53219771864821 0.0274627230250369
0.991178251359388 0.254595091846616
1.57637726270903 0.0909239700575913
2.13902040518785 0.164940975200662
1.80127843659761 0.678000662376104
1.69470466131591 0.858548117487052
1.83879384196882 0.484701901116103
1.25871914223614 0.126720155843386
2.015625 0
1.9921875 0.0304461995295648
2.01290441009468 0.0527790955198021
2.1279160943705 0.0257610629021731
2.0859375 0.0208434212088396
1.41670944616303 0.820779119950753
1.4568414789233 0.837203794402726
1.4755065135693 0.870310144396737
1.45312189663514 0.913606120159803
1.42923062835683 0.886697369320917
1.40646342842562 0.930971965137848
1.37355336564044 0.946757373979138
1.359375 1
1.33740621531963 0.941694283174514
1.40277207228625 0.965474899181076
1.44088952180865 0.952104030431772
1.3359375 0.975539299675267
2.02539588938784 0.56115044404277
1.1119911765491 0.848008738607804
0.925113920682897 0.328937776744464
1.16098650913125 0.907368402883268
1.22904360626722 0.916961746590706
1.171875 1
1.13461270821891 0.967461900475493
0.504505461678082 0.132195069477068
2.04594703887033 0.612829628613887
2.07394607282111 0.548620978575765
2.22011250666798 0.46837027721838
2.19702606814806 0.49554001442303
2.16097137399922 0.482980517709753
1.27391497041454 0.94773079341486
1.87275987682399 0.703748172531292
1.88874390949429 0.653167385773731
1.93679317956751 0.662045828388656
1.98783659244101 0.684986018086931
2.02193608975209 0.692013170286735
2.14638355919432 0.729843369463999
0.873745853159714 0.810379489132153
0.973762390835523 0.835715897275749
0.684794989086367 0.676239271024627
2.19802393628693 0.241829251090792
0.69189021533634 0.474287094845302
0.55816233726782 0.525334498838046
2.19119968496846 0.762415309224937
0.579042513363209 0.315122749834322
0.690689691517116 0.833198443375225
0.465808520366141 0.498359057546156
0.519882215446539 0.934224294255236
0.581746860709757 0.828817909160933
0.539127899612351 0.873993609276248
0.5859375 0.938582715846758
0.694310580848274 0.930428862550199
2.36817430100585 0.373543066607878
2.44756409594857 0.21193729723781
2.50494564168611 0.204352528288385
2.47153883383936 0.754293098329262
2.56982520486634 0.15869945711623
0.926994847608386 0.911659972574419
0.948179467236824 0.885253570857129
0.97574214332725 0.9416170012216
0.996679708348083 0.909696103244065
1.05445280386439 0.875027809391421
1.02201920450482 0.883787440378539
2.53685496271691 0.47437902965144
2.58262143838353 0.441730882691087
2.54742011133149 0.676301725989585
2.539694352533 0.705246833973361
2.578125 1
2.5546875 0.975578200727786
2.58806468196146 0.967003592570682
2.62145553994473 0.96679715651302
2.59843701395638 0.786514078059231
2.5741366271268 0.809793847318805
2.52826176040106 0.781030183039935
2.65124749420028 0.597597635499803
2.68008807270459 0.642231521445301
3 0.78125
2.92109643922102 0.812408765481531
2.90102016340801 0.654306132450615
2.8171200593764 0.578924978555617
3 0.53125
2.97062497511649 0.546875
2.80329421539321 0.181377799091226
2.89024957577818 0.301482851741949
2.86550657556774 0.39297041370464
2.88483488079812 0.365021789516545
2.92983955293445 0.337045424952484
2.96244333709349 0.334137103141132
2.91552800413436 0.364084282731114
3 0.34375
2.96955953411194 0.383738225243657
2.85248098555922 0.140859660145844
1.42903894302551 0.0268663586335891
0.961766129180341 0.166860427500643
0.796875 0
0.758985208985726 0.0538062543581505
0.795076782224152 0.0389776349398862
0.85154926029172 0.0827108901612811
0.890625 0
0.9140625 0.0299835951640732
1.07068208114392 0.0701730924171035
1.03690117226008 0.0429899606007252
0.952910389474109 0.0361980339571293
0.984375 0
0.984208687727208 0.065588280245696
0.8671875 0.0272523511839325
1.078125 0
1.01572417527112 0.0663422456603518
1.00075900679768 0.0328358959256186
1.1015625 0.0196611894440578
1.07000781891538 0.0334763988641742
1.82023182596052 0.645658212631185
1.453125 1
1.4296875 0.980476511864239
1.46751772708163 0.970812422743511
1.16491759653753 0.942242360984549
1.20423978639616 0.959408213266413
0.557776797697137 0.138492365907449
0.608525215295768 0.314114450190242
0.555484736728022 0.337927765800133
0.542367623842099 0.300807475538931
0.572395134150076 0.278015853343108
0.476131781255173 0.285618132195004
0.525774692679217 0.247770481947446
0.506951172942787 0.303235952446016
0.4768668845672 0.32009775576005
0.44553009689695 0.417288550673323
0.441195329222419 0.303610623019701
0.407711515973447 0.268665030634025
0.443142946376135 0.264361518646017
0.442297008225201 0.599171795552847
0.476521933203821 0.413021126994645
0.444977349188945 0.192101392971149
0.481458805613425 0.241124415079853
0.433869599193302 0.227972757517907
0.443028695891297 0.656555827011255
0.41015785294148 0.200974827169618
0.411837450113717 0.134812748752873
0.420328217570405 0.168130654648567
0.458374562097482 0.14069403664931
0.511689603205673 0.190617763089122
0.46875 0
0.486527554628496 0.164058840602784
0.506969245120082 0.222093049149093
0.475955431566982 0.207134148718815
0.547561869893681 0.212089137466091
0.473748937979749 0.0946987560824454
0.545796551815783 0.174336837945122
0.583563728005482 0.204631876753797
0.438792710740558 0.108581451203032
0.378814226205018 0.0739128589374039
0.403914299367367 0.0997056742778711
0.345640716558782 0.13130477205754
0.370321217051699 0.107287139244743
0.244627961871253 0.112744948805521
0.435459836177803 0.0492386336359825
0.538518779555207 0.0729332421059984
0.510264757889244 0.096108733461557
0.493864124125885 0.0473037086071289
0.54301193745036 0.107221462289247
0.578422554250579 0.0851427208437862
0.56957792380024 0.0427365564727256
0.634177161889447 0.062668778638318
0.515625 0
0.609375 0
0.610458660902601 0.0842231394565923
0.602280497818976 0.0513967125999272
0.642025969738913 0.0951327817371041
0.628210360336426 0.0287879213237325
0.67160145080151 0.0708015276265079
0.663820914653418 0.0354234892696834
0.703125 0
0.700937436300682 0.0370894340233934
0.531823360599653 0.0349751320910124
0.46875 1
0.5859375 0.973763359688219
0.483735388105046 0.932574528676144
0.55052943448104 0.914987277366616
0.548649688598609 0.956173037767488
0.515625 1
0.503524530226135 0.895807319082747
0.500321624060998 0.965983893021173
0.574030810398427 0.886368475437727
0.609444601863718 0.894447657720086
0.428451839394421 0.879110234058245
0.489915044674864 0.833632545655581
0.463633463521715 0.898045969666279
0.417896979502238 0.94778872700525
0.461611208649778 0.85965252227767
0.448462050483645 0.929994275995092
0.410538368764134 0.810598964034191
0.463755644075082 0.963315406077364
0.450943761738648 0.819644691299462
0.421875 1
0.424370020539823 0.843579966816945
0.44183969960966 0.765546523263385
0.484576092875437 0.787224807634702
0.358987975068821 0.851609168335818
0.390546672508086 0.838374006374565
0.388664525616453 0.878128891532219
0.3513050327677 0.789046722779777
0.407757551819374 0.9110801394867
0.347250576269826 0.82129760005256
0.352190157472525 0.88908061762511
0.369430973376151 0.941421098957434
0.1875 1
0.325018017289633 0.864798899466946
0.314839656456559 0.818829811727923
0.507514215469842 0.862357131444194
0.3984375 0.975528541851132
0.435006080544188 0.972742351156385
0.520807544480527 0.791147398326003
0.475662792036073 0.751832185311998
0.37594091499291 0.910266961222902
0.318793868955148 0.899108125241369
0.28125 1
0.261085150587104 0.870919814390541
0.377239750859078 0.80868742997999
0.392497277061002 0.76159731645747
0.280275144060738 0.739295214626459
0.498706664855704 0.727857666729594
0.291167733567721 0.848182567406669
0 0.75
0.27551879894207 0.811340627072954
0.252008062974178 0.837182859183226
0.212279593029468 0.723243379274399
0.241216711523671 0.803749197412085
0.260134131404604 0.774145241078447
0.224001414241452 0.771773793041423
0.304010808832888 0.776257961085539
0.211362152181566 0.831843713396247
0.188221982492049 0.777344186122205
0.136158022773417 0.825072586967377
0.196740292090613 0.870142509061075
0.172805183341457 0.839063879519917
0.243863011812672 0.741496508531356
0.259263419369353 0.671536741009287
0.243977839072381 0.704846838062969
0.209847494387009 0.800324476244855
0.178884101571294 0.807797008980863
0.142822039648706 0.780081073943151
0.199150385642171 0.6641138614493
0.281337785781684 0.701828615093135
0.129678901089359 0.897033539210351
0.323999738815784 0.647550915978248
0.341980373112459 0.722296952143325
0.143066819320904 0.861966786995657
0.295014201433022 0.668673325607785
0.308525067700695 0.721348080247814
0.326190827283965 0.688746763567233
0.112233482925439 0.848646658511573
0.272062764814438 0.606728759149367
0.382527639745403 0.66509417815462
0 0.875
0.292274270785851 0.634464295585375
0.331335972598464 0.584767102955545
0.350117772952178 0.666817965612386
0.363919522971441 0.620772512397261
0.36801529549738 0.69777936227486
0.0787125224325532 0.850759870224298
0.418388830456873 0.700581040910402
0.375295093285846 0.731591562948812
0.415786009097776 0.780844976972051
0.162804996264409 0.73364234401239
0.334494793045971 0.757368848914999
0.33224184377633 0.616693475982696
0.303839243594442 0.601523326484764
0.278723208094094 0.547795112003077
0.302987647041775 0.569186882349516
0.328777135121394 0.515476840665594
0.331959942900648 0.550051681079233
0.373562840054297 0.528787983448275
0.367395563230448 0.568051914648217
0.406980434268164 0.554153282393514
0.408150946543499 0.628269354677555
0.114269119607053 0.798841179679333
0.10515382314173 0.753858824672044
0.419297758394454 0.736968262938723
0.369875483558401 0.459197257890387
0.390856796885158 0.59607368217808
0.13604709398231 0.749646982748664
0.121054235786095 0.694210284240669
0.0527241734116878 0.747916494703983
0.386047397224985 0.493233420193663
0.35138701747819 0.488841888100851
0.292865653091107 0.462078280271582
0.331184130832619 0.455654288301449
0.316409412851846 0.485019518429878
0.291607936064495 0.512830311715598
0.306880843611297 0.428182543843059
0.353429048723568 0.425764316856063
0.223182626783344 0.507471643631397
0.251963970832783 0.425320910248113
0.398928724829569 0.415540700403023
0.32912520965029 0.402121283163426
0.256639570484094 0.519800717864936
0.220454805551538 0.57105304378845
0.253248280260936 0.477443574038523
0.396593538412384 0.377705470428854
0.422971662182365 0.39662464096288
0.421348649954686 0.439897567698775
0.198522397957211 0.452714872446564
0.221208480891834 0.475429349851338
0.179839965726741 0.494060051189169
0.190021385889781 0.537898148639794
0.0847430791903261 0.400154630391872
0.151121951749517 0.604149688457983
0.155449754089828 0.45814541589663
0.180719116027271 0.576981968058801
0.206991366892297 0.616939877822429
0.121576787304431 0.542256690316284
0.156466664613945 0.550560767528481
0.146854405789348 0.51349944456775
0.094121690720577 0.492635524956898
0 0.375
0.237838218752315 0.601071967634741
0.249649842231672 0.635970190302315
0.173324740335386 0.635582642412017
0.158486059958656 0.674968120557708
0.130811933282549 0.642053738315088
0.124259835856031 0.474455373249882
0 0.25
0.186405553319244 0.69796611668041
0.214077394679867 0.394119204639342
0.150296932171117 0.705066979507066
0 0.5625
0.218970385712053 0.426780587903615
0.178762610729174 0.41610690106824
0.157441882602847 0.342509683071695
0.178481359890932 0.376301517394445
0.146139295943257 0.396433720487599
0.22786522146928 0.322108411086253
0.139034918550355 0.429063742813277
0.0869335115965814 0.446648491772577
0.210815921769903 0.356169367308269
0.260112019190859 0.359547142691057
0.277014167627778 0.312382151257016
0 0.625
0.0838022993760623 0.57215078881744
0.118459212376671 0.576656255438901
0.062044329296674 0.508714178191763
0.0939459805179248 0.525138698127651
0.0645952247478431 0.542953372280444
0.0276323161057298 0.528492569759127
0.0958809060149347 0.614786373717227
0.0404715827843636 0.579738990427189
0.295476459979226 0.357610048864388
0.262661648227001 0.393254564028994
0.0879011930314552 0.661016822073585
0 0.59375
0.0280703310218593 0.609375
0.0624335963092873 0.606341712070112
0 0.6875
0.107757128374005 0.422368914607139
0 0.4375
0.0754925159353476 0.70656345658703
0.0452304561363462 0.425314689491337
0.104029095350212 0.721615464297826
0.0486226383417431 0.646043780819013
0.0498121701213095 0.467785623311989
0 0.40625
0.0332190779289153 0.390625
0.0349830640757228 0.34375
0 0.3125
0.0342670045762523 0.710809795817413
0.0325714974164587 0.676459982266608
0.0322922897218088 0.495313888856881
0 0.46875
0.0639892157340072 0.368312241829557
0.0930282187713223 0.304611215847415
0.111916193731081 0.35975950157787
0.069525223321639 0.332366477568563
0.0404943471603502 0.302374313428735
0.0630170295851402 0.67870102752544
0.140750209328465 0.367157615945976
0.115009887604612 0.391177586582515
0.124624382573456 0.324598364010324
0.144258000582522 0.2585935078278
0.159814027562605 0.299143268014614
0.12513279794081 0.288827087450625
0.0810996030193113 0.239806589356351
0.110029359888972 0.258107017866973
0.128006092730056 0.197672325429772
0 0.28125
0.0339079866327028 0.265625
0 0.125
0 0.1875
0.212367419389417 0.255723566237145
0.189821412688616 0.322532759153174
0.193687870102833 0.28662868579657
0.589016648892286 0.142185282551148
0.465152735999394 0.0630842751980119
0.734332376493177 0.0302697220840339
0.380744021805873 0.191940462561958
0.336791678482605 0.243540811308791
0.275262487419542 0.250486907341084
0.307197492838199 0.257381463405311
0.30145936554874 0.206552576402323
0.621086218980384 0.934300531375604
0.328125 1
0.3046875 0.951290212147043
0.3515625 0.972674004420357
0.3046875 0.981283771631953
0.273519928384746 0.966286991889498
0.234375 1
0.269622412312585 0.918300918533944
0.287172361938914 0.890679032748493
0.299337677576341 0.921846267308366
0.332981822713715 0.930941279651323
0.222218647631058 0.946302456784007
0.228541709793402 0.901243269938637
0.252727091189696 0.94382450556209
0.2109375 0.977081129921005
0.09375 1
0.186081456846842 0.912850783131178
0.154596318617716 0.916652046751304
0.185101190158132 0.950154734236144
0.166809604708701 0.885519039880821
0.109840743648979 0.94786296224684
0.140625 1
0.413959282780642 0.669194148036032
0.448970576757836 0.688789136813584
0.191298340121114 0.746312797733012
0.436188556364593 0.567601808675634
0.0974655033308397 0.881309437677659
0.0479211587144826 0.890691860737061
0.0752619083082979 0.783330916812047
0.0845982866386438 0.816655904008254
0 0.8125
0.0425004680597617 0.810479751452491
0.0227837105345367 0.84375
0.0198127895074604 0.78125
0.307901537312272 0.306102612862863
0.286927495704999 0.282040036414987
0.246159670388773 0.285510927502193
0.322620622363153 0.372064310842724
0.0698971888987045 0.275368788577731
0.051154179304724 0.24110978902513
0.0638166776582794 0.187373213881157
0.239333972740934 0.19928626762017
0.329184888832032 0.172237145350753
0.309518625218106 0.140556808577602
0.299238393334313 0.176399834328898
0.271486437167977 0.193602137467373
0.1875 0
0.21301653077561 0.0929856860941685
0.10710446147183 0.116288303936204
0 0.9375
0.0789756664832976 0.919174829383069
0.0491732868152163 0.859819839949627
0.0209186009303303 0.21875
0.0936520651266539 0.206604026364753
0.28125 0
0.0544139550839194 0.133160157465508
0.281905337900613 0.113074000741412
0.0709956947681789 0.15820615063746
0.0341320851648562 0.164599781934173
0.261255553487856 0.146110113810991
0.320627998401509 0.108789852427948
0.204224381215407 0.153705925865733
0.263763345217424 0.0566402460455683
0.046875 1
0.0682227759509062 0.961691356326625
0.0234375 0.96875
0.040270643804231 0.931711079646827
0 0.90625
0.234375 0
0.113243349849632 0.158087734932875
0.157498077784809 0.130237737975809
0.234931809775546 0.166364896597746
0.208610705522806 0.186639497077776
0.212399316448792 0.221077654196993
0.166035595676445 0.175551062868996
0.244837580397513 0.23363047500764
0.177520950637233 0.238368513830265
0.14678860431324 0.22529007303567
0.143081186852424 0.156414977880094
0.181027321899065 0.205268719924718
0.116037672076147 0.227841069949151
0.344717563445824 0.083003800331499
0.328125 0
0.304362039419219 0.0694486734646024
0.351128601375319 0.0385618885822319
0.293019816926795 0.0346531864933577
0 0.0625
0.191463817013434 0.120861564540057
0.165705013905904 0.093758316492117
0.130481109215389 0.0896159380697465
0.18885280402012 0.0622668935534907
0.140625 0
0.203993781967418 0.0307898000333006
0.226181390055694 0.0577669510504193
0.09375 0
0.0627252632141095 0.0972794781988781
0.0953547853845808 0.0824101911419726
0.165445014086661 0.0316273065344874
0.046875 0
0.121410856663609 0.0446121262211815
0.2578125 0.0237835621554919
0.0890209170153126 0.0501640428435643
0.0357244430362922 0.0720231527054529
0.0291439120379533 0.106119279168394
0.0267913775196952 0.0337654081397714
0.0607646891796716 0.0311171305524395
1.25263953278632 0.177164966466961
1.08922737708096 0.509378280175667
2.1038336995931 0.437984631061337
0.943593287236538 0.6048381756648
2.00675623607709 0.631164386538563
2.296875 0
2.2734375 0.0223860259189715
2.3203125 0.0211496585922411
2.49318388026529 0.823767753942839
0.421875 0
0.4453125 0.0200269734845008
0.3984375 0.0329596880789438
0.479123728400775 0.595594212398428
0.147321573425291 0.953914842350945
0.1171875 0.978681862030309
