0 0
0 1
3 1
3 0
1.73776412907379 0.577254248593737
1.70225424859374 0.646946313073118
1.64694631307312 0.702254248593737
1.57725424859374 0.737764129073788
1.5 0.75
1.42274575140626 0.737764129073788
1.35305368692688 0.702254248593737
1.29774575140626 0.646946313073118
1.26223587092621 0.577254248593737
1.25 0.5
1.26223587092621 0.422745751406263
1.29774575140626 0.353053686926882
1.35305368692688 0.297745751406263
1.42274575140626 0.262235870926212
1.5 0.25
1.57725424859374 0.262235870926212
1.64694631307312 0.297745751406263
1.70225424859374 0.353053686926882
1.73776412907379 0.422745751406263
1.75 0.5
1.5 1
1.5 0
0.75 0
1.125 0
0.75 1
2.25 1
1.125 1
2.25 0
1.44511829938732 0.153490579628778
1.11916746455822 0.43968205201668
1.22735400708984 0.227354007089844
1.22735400708984 0.772645992910156
1.875 0
1.55593991169907 0.1468092977792
1.3125 0
1.44511829938732 0.846509420371222
1.875 1
1.88083253544178 0.56031794798332
1.14473818210295 0.556267944196302
1.17951368409334 0.336704065830848
1.84355399345644 0.324950497058503
1.65927289859877 0.187409335967807
1.55593991169907 0.8531907022208
1.3125 1
1.77264599291016 0.772645992910156
1.85526181789705 0.443732055803698
1.18691882016109 0.659522828885668
1.74693990442101 0.253060095578989
1.65927289859877 0.812590664032193
1.82048631590666 0.663295934169152
1.34145482182251 0.188837567711678
0.92527819862704 0.543304826211369
0.966789012985124 0.281215859182621
1.6875 0
1.34145482182251 0.811162432288322
2.05997484149041 0.363586533493323
1.0066002506906 0.787764842612951
1.78363675325071 0.112698186771414
1.6875 1
2.03321098701488 0.718784140817379
1.25001459409779 0.10621963828749
1.36512369248369 0.0885697422720809
1.03683632562576 0.518836845549458
1.09280141227788 0.233627678431334
1.63851130426992 0.0884518653417841
1.36512369248369 0.911430257727919
1.24054180003159 0.897328002973485
1.98600029978964 0.476154410362773
1.11484497964372 0.749073422628231
1.63851130426991 0.911548134658216
1.74773559205003 0.882807080302773
1.90719858772212 0.766372321568666
1.00751566930616 0.651704017225785
0.955321262142946 0.413731362947836
1.09895698080398 0.875385187283008
1.78125 0
1.97391064439474 0.173568539560547
1.06185002265382 0.342302162552157
0.9375 0
1.94716324092831 0.370042135495118
1.93010313176619 0.267662157803522
1.86669322955759 0.180895554259018
2.03624569096434 0.259834718603806
2.0625 0
2.20328811728051 0.276219790636453
2.22253936263408 0.55100692727264
1.99854701226406 0.599621054660294
2.10004351012624 0.526936131935619
2.18475459805227 0.419567914089415
2.1397982234119 0.648350110943705
1.78125 1
2.0625 1
0.807056301078928 0.718388816726185
0.710601724984215 0.425260030837822
0.9375 1
0.984411692028756 0.137247258472299
1.9218742486207 0.666015294908598
2.43665209110902 0.418305456624651
2.625 1
2.18207550523292 0.82819378051507
2.01558830797124 0.862752741527701
0.89594459318882 0.65095336589213
0.764478550316175 0.569965432955612
0.829030311477864 0.336048322947842
0.988565258372947 0.89925947497868
0.84375 0.889165507453586
0.84375 0.108685081926704
1.03125 0
1.078125 0.0926128824249198
1.15990337410422 0.152049287363767
2.31088138376915 0.454460753693864
2.26058614389735 0.667182804847953
2.34568345572286 0.574996069700462
2.25742007328755 0.765285788469466
2.41153903579073 0.721157077783336
2.12780147898913 0.746061344307173
2.11152114147031 0.906603430641772
1.96875 1
1.921875 0.907387117575081
0.830572638467115 0.461308620405599
0.84375 1
0.375 1
0.84375 0
0.898480983673566 0.199791654026742
0.765362002719759 0.217768279736888
2.33911031262152 0.315826411769854
2.2378755606363 0.905463197711275
2.4375 1
2.34375 0.939930581939567
2.46300962665625 0.856995014777057
0.745485718296979 0.901114830980265
0.5625 1
0.65625 1
0.609375 0.867992647829874
2.25381889295436 0.355625092531031
2.625 0
2.35335237651074 0.826524381084093
2.62328574737189 0.68087462534318
2.53125 0.942945653862106
2.60050333454328 0.817897091389995
0.701744203671643 0.7846395873825
0.791818004268438 0.810993388380722
0.897197406265748 0.780777778771363
0.50779761997174 0.662571001056493
0.58755608070208 0.75095678394432
0.438816616895696 0.839237959915254
0.639041916206106 0.624316956124886
0.491074037569863 0.75784171374952
0.350709310828963 0.530218501004127
0 0.5
0.320652237270725 0.705901846043855
0.416882671674716 0.695715182873013
0.431291396532448 0.593975944014471
0.504024711601465 0.419247414447294
0.544598757629841 0.544563108836176
0.714065396039888 0.687397992126189
0.649792356376184 0.515790546433064
2.28740233170111 0.240458076331378
2.21216855731099 0.180304942352563
2.4375 0
2.12442396418405 0.220549488843849
2.41319931509731 0.209574319048724
2.51014973645509 0.761462698714357
3 0.5
2.34375 0
0.514802790304381 0.908736825393333
2.32393885148102 0.117637535394113
2.52611724473809 0.581614982830484
2.42874582765393 0.105180954241096
2.53125 0.0607575586076287
2.68583139044207 0.196571666828366
2.51854228612988 0.171907954719902
2.62769400080972 0.106864634437033
2.50663884601631 0.304758698771124
2.8125 0
2.74417348754387 0.0950689099618145
3 0.25
2.84352656274238 0.219693817934491
2.74921217908097 0.460410602653279
2.78955237862957 0.565705181740668
2.5931475912117 0.245551244351567
2.69865658200894 0.333023033812325
2.65489962159922 0.552736242340052
2.72357284461295 0.767954355134158
2.75726660155451 0.258685813908465
2.85666880141509 0.36367791479018
2.56514593813349 0.454073644206841
3 0.75
2.8125 1
2.7041327359513 0.896655872911187
2.91184618530933 0.286049733033305
3 0.375
2.87306833023114 0.489946578843732
2.65836694572451 0.422738201998804
2.8583590306878 0.706208692791803
2.71955900073367 0.654108841933746
3 0.625
3 0.875
2.89425211943524 0.597212606008578
2.91440845238359 0.775880670256779
2.8179875738927 0.796067745058335
2.88712960785417 0.88595118652019
2.90625 1
2.7966175170936 0.908165124530481
2.12312712951613 0.101945622752976
0.1875 1
2.43426071011045 0.623002665156115
2.43245224678862 0.520618964777367
3 0.125
2.90625 0.0625
0.347566379882388 0.801077688536423
0.364449221164701 0.902764284001659
0.217781051787491 0.527970529686563
0.28125 1
0.256523184052231 0.868438236966958
2.8344944260865 0.124978963103762
0 0.75
0.661073274081801 0.227468139663462
0.375 0
0.717054587645064 0.315991123883653
0.608109173427027 0.3949068866352
0.702998054558341 0.11274163269754
0.57137335632144 0.291190484059849
0.422259155512344 0.122040279441363
0.374325003717509 0.243817020560411
0.479530064907548 0.239714832862706
0.430672824572222 0.337817965277691
0.5625 0
0.400997820198705 0.438301818640914
0.212910644408562 0.395112505620251
0.320029210415169 0.35976632342495
0 0.25
0.573353697890595 0.130388976537511
0.65625 0
0.1875 0
0.46875 0
0.29843460702495 0.195492324825485
0.142738484260252 0.187274022547442
0.215998459803087 0.278304675470666
0 0.375
0.108658408472957 0.452028287535765
0.111882609691089 0.333997100892505
0 0.125
0.104914782032222 0.0792471730483328
0.224990648180084 0.107947244203048
0.28125 0
0.328125 0.0883224928434639
1.96875 0.0615422810200515
0 0.625
0 0.875
0.282893396994898 0.609028958443653
0.173907036730839 0.707304564661082
0.178791962077195 0.911544167921404
0.09375 1
0.177708013137229 0.817951739619218
0.0923057120679605 0.774948937906748
0.106603532058023 0.571352144757536
0.0942802015999422 0.869376085582555
