0 0
0 1
3 1
3 0
1.73776412907379 0.577254248593737
1.70225424859374 0.646946313073118
1.64694631307312 0.702254248593737
1.57725424859374 0.737764129073788
1.5 0.75
1.42274575140626 0.737764129073788
1.35305368692688 0.702254248593737
1.29774575140626 0.646946313073118
1.26223587092621 0.577254248593737
1.25 0.5
1.26223587092621 0.422745751406263
1.29774575140626 0.353053686926882
1.35305368692688 0.297745751406263
1.42274575140626 0.262235870926212
1.5 0.25
1.57725424859374 0.262235870926212
1.64694631307312 0.297745751406263
1.70225424859374 0.353053686926882
1.73776412907379 0.422745751406263
1.75 0.5
1.5 1
1.5 0
0.75 0
1.125 0
0.75 1
2.25 1
1.125 1
2.25 0
1.3125 0
1.11916746455822 0.43968205201668
1.22735400708984 0.227354007089844
1.22735400708984 0.772645992910156
1.875 0
1.55593991169907 0.1468092977792
1.45189052206374 0.196248710809705
1.34018221884387 0.186339943736456
1.49506038198012 0.152893261871056
1.49980976939333 0.0765202786975077
1.53048875784394 0.199770097114315
1.59665607842271 0.198971976736891
1.39435354443637 0.210265975070691
1.34802072088547 0.241880776276166
1.29558771106244 0.220957128051155
1.2827146218906 0.275923510043427
1.40775285570085 0.109129724723259
1.25651824688137 0.124594775723857
1.44418920844286 0.145410106595498
1.39454100298288 0.158835063749896
1.33954251572347 0.117607725932494
1.28964256554394 0.16726614590012
1.63046520248648 0.243947622997173
1.6875 0
1.71897314531236 0.246256692539359
1.65025398194139 0.193876655703586
1.61811478728626 0.140250068979775
1.32539971916657 0.325399719166572
1.28738843191169 0.315042399672
1.22518356539323 0.352408713526825
1.2367783084949 0.30125049719032
1.14029153221266 0.306275324439395
1.40625 0
1.27999081116624 0.387899719166572
1.24005958661577 0.389500057101751
1.19237253386333 0.445328445300474
1.18444500196114 0.390276298969171
1.17647889571448 0.340858835678378
1.12159126503074 0.375057534853292
1.59375 0
1.72924952910146 0.110089436342231
1.25611793546311 0.461372875703132
1.21873332249157 0.475249789741453
1.1904913662089 0.543052088667257
1.16759361182298 0.49373138201768
1.09161048205227 0.558983137147523
1.13880423382802 0.537072848140734
1.15404825603653 0.631689495371912
1.09106368831716 0.496023642049301
1.00900951425896 0.30751601470827
1.36640831617136 0.0551238813590364
1.67793558827725 0.140842628619121
1.64864849243059 0.0776217402394236
1.7357050284539 0.179048026778393
1.25611793546311 0.538627124296868
1.22482457403408 0.563381560873244
1.22122416616817 0.630471965142945
1.18446557043623 0.592385056502516
1.07482549268612 0.325409833095634
1.00870343021695 0.41976145694727
1.359375 0
1.69617814069354 0.20489470959514
1.85472183626257 0.133124912063837
1.18894121679699 0.703083004352366
1.07363830716999 0.199789350567929
1.02907651762912 0.363693874220024
1.06759555735566 0.409425648276441
0.941079433729575 0.363453913446673
1.04640749061772 0.461646571373617
1.03086565384953 0.528028574874366
0.982118691092934 0.481605196322315
1.58066650161487 0.0832352589090885
1.78873708419945 0.139302018085292
1.09194764037338 0.262432167936879
1.0063641683644 0.651189678957025
0.944076199064489 0.428616033855592
1.53828894254922 0.103348481722018
1.6117715626319 0.0454786620842356
1.78125 0
1.83178329643787 0.243610017293146
1.02964366451665 0.246645316182512
1.15092181748703 0.21119796233909
1.03598381551637 0.593064470731014
0.869162277954955 0.522549458809881
1.81534555703117 0.0680196752361561
1.77489865176771 0.224492515580759
1.81884711111494 0.187912335345791
1.77754932968426 0.310795003682534
1.89605778909371 0.199330704495656
0.911419633082392 0.240502009307356
1.13992762245229 0.258101687330929
1.18739276962564 0.28183132265779
1.09190195535368 0.621895738476673
0.919866283435402 0.486147548787025
0.956361407664731 0.557456796806925
0.8299837362887 0.414464289613321
0.885034205339117 0.437630152925641
0.837853890071057 0.472754801277621
0.879053318534471 0.374850059678205
0.765235892881458 0.553153264829498
0.812883156413851 0.523195050791937
0.842167173671449 0.622639611774362
0.737121923159042 0.45556961462047
0.813500907249541 0.577047135901735
0.78998221223204 0.449541691111389
0.765250754792812 0.500307323351443
0.747011158170732 0.650660756144235
0.75391740392168 0.36806700408991
0.673625998273717 0.526704528468118
0.769874606343868 0.604477169933188
0.696463018257224 0.596885477311377
1.77439137592731 0.09333959777043
1.73128051024713 0.046358107281676
0.969665283475279 0.260246312086387
0.955644009134203 0.311925352973475
0.928768487750473 0.165978915871695
0.901871429420556 0.324549127103089
0.988801300801756 0.205584924979662
0.819411900481634 0.317468827483538
1.11199511334964 0.696466176631279
0.983743604634635 0.603053167006181
0.919821294564133 0.662475119613541
0.927002816148688 0.606107809356396
0.904918092330255 0.559596951191288
0.716028857053303 0.551712634325253
0.626408353636158 0.71338102426083
1.6956896605734 0.0771219290687706
0.830817875343708 0.365299514587043
0.677864574224021 0.665012772265708
0.737880031541658 0.780414582322973
0.567517288770283 0.599175391109668
0.69159765982498 0.731177410621522
0.631655180362993 0.579167996106724
0.613282783059046 0.647862686438693
0.756514132548066 0.716527710166759
1.04426963705605 0.831666279288474
0.566881124368627 0.484328618730183
1.078125 1
0.806104315050841 0.675754072602108
0.526645011121842 0.378142417117049
0.613772681425012 0.521841903523345
0.55935873129424 0.541795435232845
0.645870460276623 0.433655886857081
0.375922270599846 0.378710768232926
0.646971941616152 0.483991254567122
0.516624623442979 0.577141565120149
0.519148013835121 0.641104781217054
0.390929774902242 0.737136030172874
0.524230262179094 0.507971378684425
0.515989070248358 0.442812657106272
0.375 1
0.863780138506205 0.676113997307056
0.915978684177616 0.768640068278761
0.902927982918592 0.715015686393575
0.969699752130385 0.707498613667755
0.83018935714551 0.76111855147107
0.62624638744879 0.371120418666535
1.04307116449511 0.767730155110979
0.714013978536457 0.841690975116482
0.579432176270997 0.416992181745405
0.691876375063405 0.115479676452207
1.04180698879421 0.714358661144986
0.803125468115884 0.722674495001758
0.78295881097637 0.765619701781693
0.814553381845522 0.847095855663299
0.774454648034844 0.815781319186341
0.738991980395131 0.90252258057762
1.0029481855021 0.740414458966998
1.09121781815924 0.761573821782486
0.562800637617845 0.692049911818357
0.642191470480393 0.307547284849818
0.645031129122278 0.24969066276677
0.347009070771185 0.635481228844832
1.05837674504827 0.663534099791971
1.10809991134553 0.827798412247164
0.998517144370667 0.78698995754649
0.5625 1
0.637894608906784 0.799600634328906
0.572872412953604 0.323947237432778
0.689690944614471 0.353247054433032
0.266224394702422 0.827416482189369
1.28126709475678 0.72149161726954
0.279795071947893 0.753182409649394
0.950016291231284 0.943495605584634
1.30732413217536 0.876362579105854
1.0546875 0.958821736740491
0.691644667037014 0.235243697927087
0.375 0
1.22878732758611 0.822484802525871
1.14671537276038 0.7434152530116
0.9375 1
0.99746011740133 0.910352167428946
0.450662663220394 0.743961406192093
0.65625 1
0.650324313542411 0.754069827967102
0.687640027973038 0.78871887939717
0.590105105820993 0.762092285868929
0.559657455723577 0.850084282543968
0.590064794811754 0.811342197518931
0.626206635341573 0.855278408906564
0.51873127601397 0.78665883877446
0.675181207225549 0.881254844834035
0.616476958785346 0.93277744329635
0.584711193964273 0.263263205323085
0.733745644038611 0.259922523780815
0.711505437366581 0.405289529494866
1.18850244580508 0.940984098913773
0.402647573681287 0.335980661955643
1.07848684353404 0.867722720153916
1.14808967838288 0.888404641470083
0.84375 1
0.499410785684733 0.702191301278562
0.737293544174425 0.95207465473255
0.811333942404437 0.929807302780208
0.749229485353184 0.166225779250415
0.732064831450074 0.316189558303564
0.689542523049662 0.286760707151749
0.664067388180629 0.194981676108943
0.609914979952831 0.206805454209958
1.1789699818998 0.824532586774063
0.537628660728986 0.737893005421902
0.428939886550277 0.669278684231474
1.03125 1
0.983100423587258 0.848543493140064
0.59001196208479 0.890094597598688
0.556864757772922 0.940193209849108
0.46875 1
0.515625 1
0.4921875 0.93971684990337
0.557565317678583 0.188590133591747
1.3183462115522 0.78770439768982
0.494137594894025 0.277090125033972
0.493880342279497 0.161797658945411
0.541902337504685 0.286408496080517
0.508983479217955 0.328069152578472
0.527351823574894 0.23391543880052
0.616030887276785 0.104896284201734
0.434207900988018 0.196623117155919
0.47552067940327 0.228404982629283
0.398523810260335 0.285750209215191
0.5625 0
0.354633463930084 0.692502585931444
1.14197308349731 0.79227227686233
1.21875 1
0 0.5
0.902286761086836 0.899890913189198
0.950604538495955 0.807697155481171
0.931350360406069 0.856364541510806
0.873169921907701 0.848982487323731
0.850518026510107 0.895718968149589
0.872237294163164 0.949488732152436
0.845142358301713 0.80824837340119
0.524863832527669 0.894103682279314
0.427666103206947 0.85898414282216
0.503463015099801 0.84142772859321
0.47131220353252 0.890251308907383
0.462607402717463 0.800525499266744
0.418990148857017 0.941469737462724
0.310389655707091 0.795443044310914
0.449617270295562 0.317706324560658
1.3125 1
0.627344765091139 0.156713370483971
0.471152681078415 0.3695639628891
0.364752981810693 0.791259769955661
1.20607910302258 0.877039965196502
1.0961209674404 0.935838404797873
0.421875 1
0.417360689031601 0.813152797631054
0.36912479035625 0.848073173390742
1.26803683490797 0.939934324031849
0 0.75
0.331338546830513 0.74510404382345
1.00595344187016 0.958342804405872
0.324903483465341 0.317078708729984
1.27039481906486 0.795011579118302
1.05480474545321 0.910194105081947
0.282158708649761 0.679607341085998
1.25663054201785 0.866078011085581
0.1875 1
0.410004199491043 0.489318016777885
0.46036450804805 0.611392445932561
0.40205408987773 0.0446259613549038
0.415003173317177 0.0951801050430316
0.548845852904837 0.120231106693512
1.32485142119484 0.740572952597712
1.37402989608522 0.747230249322728
1.41516864356255 0.828856961614609
1.23270860223378 0.724301881656796
1.25429899812311 0.67643616686289
1.32539971916657 0.674600280833428
1.22796586049846 0.917443852800583
1.171875 1
1.1414423287832 0.954019332760948
0.373938554376006 0.953406059577492
0.383941482200691 0.900172482151847
0.28125 1
0.328125 1
0.3046875 0.931134957122721
0.469876923998229 0.481745391009162
0.447496922805729 0.545275832007748
0.43231244345622 0.425220229546423
0.402403994039215 0.617400341868009
0.349759495418118 0.550009844693192
0.453376129982092 0.0540836780713145
0.442614973655945 0.142492146846115
0.36218461207124 0.15771885550282
0.46875 0
0.582419801942363 0.150684231038859
0.570860897187063 0.0618403880604257
0.65625 0
0.609375 0
0.6328125 0.0511721489487016
0.488702966701294 0.0978262742501421
0.515625 0.0378229540211881
0.698364894190232 0.0502425734025745
1.37011378194489 0.800383956738867
1.36428049905287 0.859497634478271
1.40625 1
1.3653147490741 0.921191306265552
1.41137582548473 0.88013578225724
1.49389508087465 0.86045960949274
0.234375 0.945625706099645
0.492094936219017 0.539441158488643
0.477997219240437 0.415721128673034
0.424382817630268 0.378305825355403
0.39815140770055 0.537798896980036
0.28125 0
0.9375 0
0.234375 1
0.25934585652368 0.888958422505985
0.312456363979218 0.86373920303557
0.146404967050076 0.873025624306744
0.206972529590471 0.851949282562634
0.150548590625572 0.712204799543244
0.375688318862443 0.115549776699773
0.31287226435527 0.118681006359112
0.731645625716561 0.0864939211769828
0.338547645862718 0.900892449737285
0.16831752560224 0.936071018690444
0.211495552169752 0.779054082841262
0.1875 0
0.09375 1
0.206844919121381 0.902832744139658
0.30602092762784 0.228620509299743
0 0.875
0.140625 1
0.335089137982713 0.0547092337502301
0.309463168280996 0.173651790600472
0.230757782177219 0.289922990682664
0.250842065050612 0.142425212252375
0.26289586709798 0.19832780093751
0 0.25
0.1171875 0.951885063416506
0 0.9375
0.267723483087552 0.0671574481444612
0.328125 0
0.211260888210369 0.18021059040507
0.0576188953103032 0.952634157034545
0.0866925012326463 0.895744385389626
0.234375 0
0.2109375 0.0534970767113515
0.09375 0
0.157769097981709 0.191744572385891
0.140625 0.0524189319555863
0.221009335193794 0.235066790543867
0.188659415127395 0.116911102587797
0.14604117854783 0.276683609624667
0.0383504634989703 0.90625
0.0516156674705192 0.850813616127673
0 0.8125
0 0.125
0.232429163247332 0.0987684725321094
0.0632241297752595 0.78125
0.0630439332383358 0.0746266999287519
0.0741115811921166 0.705275714680485
0.107793418060829 0.824437913641775
0.121714060807902 0.765480636095551
0.168970946930807 0.756616536090058
0.219729248409986 0.70953483077182
0.166482362350339 0.81284901410331
0.0964593706110164 0.044745346600692
0.110616131388269 0.0942008616401179
0.046875 0
0.0638474073727207 0.140269760917883
0 0.0625
0 0.625
0.197890795305894 0.583900875114538
0.119554354028845 0.150048902760173
0.080355892232094 0.224334960980917
0 0.1875
0.0443850631067842 0.739783025695137
0 0.6875
0.226527662363359 0.643638065641502
0.0342955479210826 0.21875
0 0.375
0.0512338916783513 0.271783066676314
0 0.3125
0.155275139805839 0.641062584168152
0.277308005034301 0.582562361654146
0.0666315638424344 0.34375
0.115466098887144 0.67414586862428
0.0602042891645257 0.643766863161481
0.273899454199167 0.631376453602435
0.0973288516571413 0.29955149761509
0.160331959596283 0.376068571752594
0.11803951708864 0.346695104101181
0.164642439217015 0.324728826067748
0.0871146833494233 0.436354671428874
0.223052376150574 0.355483744747431
0 0.5625
0.0504449366031643 0.395897955640227
0 0.4375
0.270803587900016 0.327862793328759
0.281981876295156 0.275959751708847
0.309648066753483 0.381639695164415
0.226372288484131 0.471443872159425
0.125071011013746 0.574078122917938
0.0439757258691351 0.46875
0.10526480998598 0.505444602687971
0.345806705130473 0.448544954656261
0.207504929919104 0.413956452508979
0.258035731388521 0.39608887907582
0.158372359247545 0.461921592769093
0.107171849258713 0.622451017899527
0.0580762792935946 0.51472986408454
0.385674150137803 0.424326876450161
0.184801017380781 0.520750491254783
0.245623366047619 0.529852833291704
0.290443473107068 0.482703548867313
0.14135608142106 0.532204003424086
0.264380968292659 0.443084920095885
0.339097533691344 0.499615765223827
0.299789774887307 0.534257099583533
2.16020026524039 0.783663316801657
1.88083253544178 0.56031794798332
1.29341852822932 0.0663004778503625
1.21875 0
1.265625 0
1.2421875 0.048800969617254
1.171875 0.0525411350128283
1.20934997360534 0.09426143836951
1.19901960989127 0.162165080955619
1.14039504698565 0.118508754285104
1.24337862098533 0.181636658617159
1.70173478895208 0.298265211047919
1.453125 0.0381438438255663
1.45182676076721 0.0873072752097151
1.5436853525675 0.0383689782749173
1.828125 0
1.88595367532243 0.0697753962499801
2.0625 0
1.9311343646449 0.131423388816546
1.96875 0
1.921875 0.0283888166628239
1.98208438241123 0.074911345162507
1.75990779475438 0.367570364050669
1.86937561373748 0.370456258590461
1.81327071242572 0.421017805016625
1.81504869009402 0.353575514639661
1.86018083914707 0.304187659255288
1.81725576232293 0.287365134749713
1.88684309552302 0.254744035569203
1.98968299162534 0.243372479708874
1.93665935977973 0.23455516968624
1.97282599504843 0.180903760435477
1.94889583881504 0.32480975794153
2.09199429958762 0.182255315420358
1.90038130132135 0.332382028827433
1.93450922604182 0.391835879979667
2.03221954307238 0.198385354225108
2.01961031499048 0.131589783147677
2.09070103039501 0.296284488277077
2.04765397415005 0.255582325093339
2.02271942376198 0.325067982399244
1.88224727165454 0.441147887187676
1.97539378626955 0.120102981082123
2.05202122907099 0.0693691155327599
1.98592137388133 0.292421090727115
2.10773542175806 0.431188870057106
1.9890687455661 0.502009454206389
1.82826903109354 0.497866003477094
2.01376327644108 0.0306299859860658
2.15625 0
2.07941374718857 0.123189752541559
2.1250364123263 0.066088511073857
2.15614411881216 0.13771928558569
2.08019321546949 0.366138969382504
1.94495652006332 0.455258343317244
2.109375 0
2.203125 0.0625543915385819
2.12162569283377 0.110139804842093
2.16492740614521 0.0913348010262483
2.22096478279536 0.125969780111972
2.20927984742761 0.349839185939608
2.02522714047209 0.427767323728712
1.92699386509646 0.5163937909303
2.16314617514339 0.0436724023020781
2.203125 0
2.39414631325351 0.252588429594699
2.14703522292767 0.376193634917283
2.20770892228462 0.237517538611847
2.0672907820825 0.409957527211458
2.06507828526055 0.463310395362094
2.02824364384128 0.376313379197023
2.14334945662534 0.522868968048804
2.11261317170808 0.48205142004343
2.19065252575966 0.448902233193358
2.0607092399135 0.553117172288658
1.97684524754866 0.417433758937243
1.97852386531265 0.366849057682055
1.87706625110012 0.510141534704368
2.15579709837432 0.310204947982139
2.19723078150607 0.17971084673921
2.2967084250297 0.191532346195763
2.14553016835334 0.218935178027082
2.24515675277093 0.200876691319114
2.28616608043517 0.280245931247548
2.09918855971747 0.244193381665618
2.15304332428403 0.422026556848268
2.19115748546174 0.393720031841159
2.27800730097693 0.403905557305044
1.97293983281523 0.610898209565191
2.209481784589 0.293664552550679
2.16628318786846 0.262813020413873
1.93493269918927 0.570955272870469
1.98893103696577 0.557627964355588
2.04194668798529 0.766672216086292
2.02751443172312 0.59824564409987
2.12411216691032 0.634526645783408
2.08092985989656 0.602763363292121
1.95112052448007 0.669995793216437
2.13211006592612 0.578418571686214
2.01054971668778 0.649096565403436
2.07002647866486 0.662821451847186
2.23620388425542 0.570568109006927
2.02844088773215 0.707298864064546
1.875 1
2.18720402841574 0.614895980064346
2.1830498565986 0.559813416894777
2.1201536154555 0.692799810051804
2.19697020515235 0.505051456767281
2.19296971906784 0.687664857314199
2.07857646231516 0.727117177995387
2.25673338760222 0.469897118185234
1.89116610491046 0.650654795731517
1.9579870750216 0.754547938125607
2.25968149912835 0.645766233282098
2.27094604227145 0.797196035434796
2.09986616222416 0.783570355995124
2.13009629642205 0.742674447389131
2.18069017135555 0.737065406214642
2.25158119095058 0.728460418743583
2.21675852504144 0.780729122397684
2.34049178346955 0.513921158634246
2.19079067279671 0.82674740610311
2.21874354771269 0.871587662227812
2.24607377405867 0.520152090716366
2.05463999894317 0.83087552029996
2.29585888075024 0.556072585646238
2.0625 1
1.99153085818712 0.813542869952714
2.12995012560687 0.837543299652901
2.39289818403953 0.614118695943161
2.35256453680427 0.571410586610256
2.44844105653657 0.521264211426846
2.32758629872945 0.635399752527455
2.4075747338987 0.559858470616117
2.49642486990068 0.613006057412907
2.44450461613029 0.598962433587736
2.625 1
2.43106662341161 0.648643627046368
2.37285849217745 0.692558828305884
2.21537319785874 0.649276909385611
1.90303593325231 0.716455674780583
1.87017722719465 0.843509277988767
1.96875 1
2.31880920503133 0.453483850007586
2.28822237403163 0.605135233690937
2.30142206597916 0.691598755662142
2.47981209489896 0.773788186686404
1.79566872459137 0.701852618836888
1.89769033880187 0.782848967030711
2.01131083926838 0.865081127484468
2.0850646828175 0.913961190751827
1.93780600301191 0.873517236404011
2.38629688898037 0.356364183642439
2.39845074585058 0.459019624063884
2.3362429759397 0.75884470793457
1.70847968464035 0.898272516919699
1.85172064249182 0.691741406747852
1.83464628514993 0.757507664376306
1.80976004514625 0.619549774733237
1.90723023239769 0.954554494860998
2.33885665954705 0.395406506081227
2.30055976791811 0.343294555683814
2.38907439469589 0.40808253791331
2.47936801660393 0.377299609364776
2.44493956736316 0.424130567723681
2.25315189179417 0.321909217967541
2.43045305062481 0.377409834861399
2.44568310362567 0.288610315857903
2.50717191802301 0.548965590239881
2.50036078821596 0.428803508609202
2.5973717608475 0.469966464299376
2.49314937718621 0.485561735250115
3 0.5
2.625 0
2.57417278252215 0.419177644880186
2.54306123203949 0.463066045282488
2.61216604866307 0.336232665428062
2.28992842242138 0.754752505514552
1.73385059455697 0.849142070074571
1.72155914789174 0.795230993141578
1.88380701252377 0.904003188364664
1.81819443845533 0.887003843893322
1.6875 1
2.33239187268746 0.240756011321292
1.78492393423102 0.827952500665572
2.35124432635334 0.298556207133327
2.53188381335827 0.385924624711124
2.56317745007397 0.52191786586665
2.67222764904543 0.404905527956703
2.56205355818386 0.591097635593211
2.62530667933353 0.426513791439818
2.6857904988004 0.496103475854274
2.62840176406135 0.527619366625026
2.71296511159194 0.613595816308049
1.77249499634258 0.759558484057242
1.71159434566737 0.726801269539543
2.51701624093879 0.312258960093965
2.4375 0
1.78125 1
2.39538249858321 0.171402863956066
2.40003496443667 0.308502676203745
2.47330924122818 0.194207403043249
1.76364581322754 0.895644267675963
1.65395643883907 0.839000792700187
1.73875679721748 0.953505622125352
1.79915568459594 0.943316691717988
1.828125 1
1.8515625 0.952277350279005
2.44357426614399 0.236749461125332
2.50646889308199 0.249047231001987
2.43779073615913 0.718090280403076
2.56229081844145 0.701060960907739
2.68280834322699 0.558681970055962
2.58710495365975 0.162844401919754
2.57837599029355 0.269534812527527
2.40600232857305 0.785773574225832
2.50069177258085 0.714334998504752
2.54394975282517 0.646118615538536
2.63124688355392 0.644353511785103
2.79523382792907 0.532679262110228
2.5346300926141 0.194574044191061
2.5835716701814 0.216257612385848
2.53125 0
2.34815050388323 0.19178645353131
2.32287992666272 0.100466785197574
2.68002519916662 0.195814544045711
2.5355681626693 0.136868838794817
2.62891543275161 0.192433633374347
2.8125 0
2.65002113394988 0.261383083499833
2.59049107625132 0.0920126268377074
2.39243859989313 0.738096596449114
2.54334540784752 0.762707768861038
2.63116731402769 0.585953706985642
2.74268814062808 0.561535520206569
2.74447788709486 0.502524993659725
2.84119291842641 0.683892782738629
2.72116082871415 0.444235743338864
2.77029997294532 0.611815175382415
2.81586417496095 0.44016050657172
2.74478912741076 0.714344388262704
2.79038959361452 0.483039555211812
2.86855022178245 0.500468247091075
2.74308527660337 0.659482092107182
2.68217270436646 0.68883145171723
2.26355285331553 0.079772056299043
2.61719309087 0.29177771322595
2.67452336104177 0.320772427838369
2.63246533374874 0.0552773620950803
2.64175257308991 0.129960014195267
2.578125 0.034473361812736
2.71875 0
2.53063645679574 0.0747778456474698
2.671875 0
2.6953125 0.058396750632292
2.45514573189737 0.112015205055095
2.53125 1
2.67736393380918 0.642944151217157
2.66825351755557 0.812589564280016
2.62324773562694 0.70490546992684
2.66715030622754 0.749803677060586
2.34375 0
2.65171116714926 0.362247830295383
2.70338452502432 0.363657824071884
2.79947500538508 0.267836274779331
2.765625 0.052714940891382
2.52061870052104 0.820081575323764
2.59442565716935 0.816129609112385
2.45251970009196 0.838977591203208
2.4375 1
2.72792177245991 0.780138497017141
2.30889884133324 0.0451614053175116
2.37278164683469 0.0584318492078452
2.7085969395561 0.271965604533829
2.72414842211274 0.318843921907508
3 0.25
2.78000630444531 0.371942175577789
2.69772412789085 0.874558400105531
2.60118521251214 0.758534771475783
2.63562613864425 0.903755886617782
2.81762252081869 0.770929895275601
2.390625 0
2.37862677655803 0.116008736878274
2.73648311058043 0.129983668514582
2.83206993821199 0.0646003980123003
2.63311742011607 0.851436401973694
2.8125 1
2.58614270528908 0.879908727697355
2.78869655812469 0.685523155000697
3 0.75
2.73280497446914 0.084466666517324
2.78282511071164 0.103331753648554
2.68912260318046 0.11090366220021
2.79884656258034 0.184805032645957
2.90625 0
2.84616148519619 0.133188786652226
2.859375 0
2.8828125 0.0479772786595444
3 0.125
3 0.0625
2.71875 1
2.58439055611635 0.94680772160838
2.50649619077017 0.901344093835106
2.34637047206513 0.884848496774655
2.77077345990408 0.756065041011194
2.77707618226925 0.81745969447999
2.72730563526468 0.831980342499239
2.77272458005367 0.895100627577877
2.87503740655151 0.861892619356813
2.832709860549 0.825008148769571
2.91038674139355 0.774193265272143
2.8237325833069 0.87803937694902
2.88035436256899 0.81306186938818
3 0.875
2.94005485780398 0.844267226468715
2.90625 1
2.81472475026078 0.935888580304643
2.75697755164133 0.953333841243177
2.69291622248508 0.939847200249038
2.89515545093206 0.225594093972145
2.94238208624594 0.0473643706310941
2.91325463362429 0.111558879408318
2.4942928978581 0.857364873318091
2.5416361566807 0.862858035205873
2.45401579900436 0.892223593289226
2.47101082643837 0.949981588543216
2.40166517214161 0.86705051443588
2.34375 1
2.35727322196996 0.823927449135411
2.30323147020609 0.845691984512841
2.27861543642924 0.916153165410816
2.55220423913324 0.912492288729917
2.51933628909745 0.947975690866003
3 0.8125
2.92143752686232 0.904323210507387
2.671875 1
2.6484375 0.958045180885752
2.85424579983506 0.188093556328802
2.90907108356093 0.169348804000296
2.8443365219178 0.239968280337535
2.95272520161334 0.143462638549178
3 0.1875
3 0.375
2.9484451460656 0.208934407128575
2.84749711153585 0.295098879581921
2.93931549703467 0.273290489155103
2.84243122245924 0.358709498893092
2.80052842430525 0.321906631055183
2.40088729603205 0.939235766066735
2.31707764742302 0.800976750139879
2.96036428518751 0.78125
3 0.625
2.390625 1
2.88549591245747 0.721605622358648
2.94256890054214 0.726776281810382
2.86718256837906 0.917068106849739
2.89093555536282 0.273792257935778
2.9158598109158 0.344340221839113
3 0.3125
2.91570047593749 0.641244148593663
3 0.6875
2.96373102231303 0.34375
2.94057526949037 0.407296755317728
2.96230688782488 0.65625
2.9526774776632 0.606277870715919
2.88607671922277 0.572882073163639
3 0.5625
3 0.4375
2.93971740971098 0.53125
2.94585087045715 0.469312857767631
0.86435849516547 0.277721533951652
0.801373818491944 0.251784550984021
0.853233763163707 0.215292891253463
0.776071959127559 0.294051824861853
0.762836453535688 0.216602158904714
0.80747851814865 0.177518211797
0.785947385502716 0.132703529618558
0.955847353515194 0.0841843072575498
0.856867636513221 0.164293035784291
0.876157020462807 0.116942112242693
1.03125 0
0.943649079987414 0.208724032747461
0.923524665700887 0.118863240359668
0.84375 0
0.977439713246213 0.136712318189059
0.901932305969868 0.0663352294281589
0.836619613789189 0.0649373499566291
1.00584602249283 0.0943335916011948
1.03920736482755 0.147405267520738
0.990902284193026 0.0397218187111769
0.828797178996437 0.111916310952402
0.787264137544341 0.0808599378708525
0.797382523573753 0.0277688094773972
1.07663594211189 0.0868558596143885
1.0409576896788 0.0502133007828093
1.09429781171486 0.148702893999837
1.11829690313322 0.053160745607542
1.15245304550187 0.676692711799571
0.796875 1
0.786010810951409 0.887403251736847
0.676888611974673 0.942405009523497
0.609375 1
0.700774133711945 0.163206670997745
1.265625 1
1.45465768433562 0.786280114204882
0.37299669784952 0.223822818757815
0.348421254854868 0.270178036588175
1.31267455271721 0.95338118882532
1.359375 1
1.42404819633804 0.940719406705098
1.46009051088753 0.901563217798542
1.453125 1
1.4765625 0.952193631797175
1.51449845227407 0.911856943727002
1.57500417397075 0.85777409415853
0.173127249274718 0.23714432445544
0.325085131125837 0.59199578218783
0.061699519021813 0.578127123798896
0.13376822706415 0.418411127471871
0.0970434444459881 0.38888276534924
0.306380341369636 0.426629236521942
1.89343330989104 0.154962250957564
1.93348601785906 0.0823198572203643
1.77630364843209 0.456237801283457
1.79041772798546 0.545997649307301
2.03950453029918 0.507075911829571
1.97935479404056 0.710257756141884
2.08955077825493 0.865205093278855
2.13918047873466 0.894356003484594
2.15625 1
2.12881413933693 0.950231963534249
2.1933666990882 0.933308438501744
1.9376878291688 0.819360912424164
2.39215857478197 0.51042114180026
1.76119154124484 0.653591944289259
1.86067223858896 0.608383519184823
1.98150805016468 0.929852139280818
2.03205266326482 0.913866984340749
2.02082940808221 0.966282269532683
1.9367927441038 0.919421754922071
1.83247484070279 0.808745263009363
2.47172701058129 0.329460177096856
2.56014621251017 0.341887409957595
1.63821132092928 0.771254990435547
1.68495440997452 0.765621006467151
1.60638778394244 0.814353846391157
1.54192221674281 0.800810907271379
2.48203474658932 0.664366326061588
2.484375 0.0370068361265245
2.43039634571701 0.0571886113102752
2.48812938687509 0.147829265121225
2.76764224122418 0.421974369403973
2.75207195990181 0.226677057301425
2.75008362613215 0.177394308466411
2.26504633255188 0.871882248491277
3 0.9375
2.94540616887008 0.957171753305118
2.33172247661656 0.942120724551494
2.296875 1
2.88145947191259 0.436022806565022
2.84658209920295 0.405121618026664
2.89287111325492 0.388009593203068
2.85744980849425 0.625886707321087
2.83001026310029 0.576834297324013
0.890625 0
1.59375 1
2.24110818237412 0.950158992896749
1.49516346348356 0.812321597476166
2.81030168736503 0.640981018311842
1.61967874054098 0.87024977540766
1.6644563469177 0.884055526275646
1.67780142312871 0.94497271626654
1.58039580876523 0.92469315021759
1.62929427978507 0.918581486586391
1.640625 1
1.53909231008773 0.961166268831743
2.27782646498925 0.13681230557631
2.3248978027508 0.149064739354576
2.859375 0.971413944500886
