192 194 190
78 37 77
66 69 34
196 195 191
465 458 459
187 172 186
56 52 54
90 52 38
405 407 299
336 301 335
168 117 104
516 627 370
1593 536 1592
418 386 416
442 438 440
73 1549 71
527 526 531
306 312 310
105 173 175
1593 431 433
205 279 208
53 54 57
98 1549 73
18 50 48
135 138 139
90 18 51
119 20 97
96 97 20
269 273 185
421 419 10
47 49 77
506 503 149
320 321 1579
104 34 69
188 191 33
434 431 8
474 468 469
61 58 59
125 21 121
442 432 436
78 80 37
628 396 630
38 76 49
463 440 453
387 535 644
88 89 82
421 423 419
132 131 123
455 447 451
146 150 139
118 95 42
66 67 69
193 196 197
160 172 188
58 61 44
17 54 52
418 419 45
206 203 1569
240 285 183
131 133 22
49 47 50
318 1574 289
57 54 55
82 48 47
91 76 38
48 50 47
90 50 18
17 52 51
49 90 38
63 62 58
53 68 56
56 38 52
55 16 57
54 53 56
53 57 62
54 17 55
1550 114 112
16 58 57
63 58 44
59 15 61
66 60 63
68 102 93
58 16 59
62 68 53
64 61 15
61 64 67
58 62 57
60 102 62
66 63 44
62 63 60
14 187 218
189 187 190
65 56 68
1549 98 32
44 61 67
66 34 75
64 186 94
66 44 67
60 75 2091
65 68 93
64 94 67
69 94 95
2091 72 514
103 113 111
71 92 73
102 70 93
91 1549 76
69 95 104
111 93 70
98 81 32
114 103 111
99 1679 157
66 75 60
34 72 2091
84 80 78
77 37 88
49 76 77
78 77 76
371 318 85
88 82 47
252 246 375
322 83 372
84 32 81
291 246 290
32 78 76
101 1679 100
129 122 212
119 120 20
80 84 320
48 82 19
32 84 78
250 1571 85
247 89 86
215 245 248
80 1581 37
82 89 19
182 244 162
1571 88 37
88 86 89
88 47 77
245 79 247
96 19 89
90 49 50
52 90 51
91 56 71
38 56 91
92 71 65
71 56 65
95 94 42
65 93 113
69 67 94
171 173 118
34 104 117
97 96 89
119 79 106
167 1550 1551
101 98 73
25 321 100
107 100 1679
81 100 321
92 109 73
158 108 157
62 102 68
102 60 2091
111 1586 114
166 101 109
176 118 177
72 34 117
356 175 173
159 180 282
129 123 127
21 120 121
101 100 98
99 157 108
101 73 109
81 98 100
110 109 92
109 110 166
111 113 93
167 158 103
514 72 394
113 103 110
513 117 170
74 158 167
110 92 113
65 113 92
1586 111 70
393 1556 1553
167 1551 116
1552 1554 1555
74 167 116
95 176 104
168 170 117
171 118 42
105 179 177
79 119 97
106 121 120
124 121 106
106 120 119
121 127 125
124 106 126
124 126 1570
132 130 133
131 125 123
126 106 79
127 124 122
127 121 124
128 125 131
215 244 245
212 122 1570
129 127 122
125 127 123
128 131 22
21 125 128
126 182 213
129 46 134
132 141 130
140 23 136
131 132 133
123 134 132
143 141 134
138 133 130
136 22 133
129 134 123
134 46 143
141 142 130
458 465 473
163 143 144
133 138 140
147 142 137
139 138 130
140 138 135
147 137 163
498 1585 150
140 135 468
133 140 136
134 141 132
142 141 137
142 147 146
130 142 139
144 143 46
141 143 137
129 212 214
142 146 139
148 145 147
149 151 153
151 146 145
151 150 146
137 143 163
145 146 147
214 46 129
184 152 153
148 165 145
155 156 149
41 498 503
492 41 497
184 153 151
150 151 149
269 185 263
149 153 155
184 151 145
300 155 153
152 165 217
507 156 600
300 153 152
156 155 154
154 278 333
496 543 495
157 166 158
103 158 110
74 108 158
175 210 105
394 169 392
160 171 172
173 105 118
105 177 118
168 161 159
181 227 228
126 79 182
144 148 163
147 163 148
216 256 257
148 144 183
183 255 254
148 254 165
158 166 110
101 166 157
1550 103 114
167 103 1550
168 104 176
170 168 1572
222 224 180
169 391 392
1572 168 159
169 394 513
172 171 42
171 160 173
186 172 42
188 33 309
309 33 306
309 356 160
33 191 195
1572 391 169
220 175 174
161 177 179
118 176 95
168 176 161
105 178 179
176 177 161
178 105 210
159 179 180
180 179 178
159 161 179
222 180 178
282 283 1572
225 227 213
144 46 240
245 244 182
225 162 227
214 236 240
183 164 255
145 165 184
152 184 165
185 257 263
277 217 185
94 186 42
187 186 64
218 64 15
190 43 189
172 189 188
188 189 191
187 189 172
191 189 43
187 14 190
190 194 43
194 197 196
43 196 191
200 193 197
190 14 192
353 202 352
197 194 13
192 13 194
200 202 193
208 346 202
194 196 43
195 196 193
201 12 203
201 200 197
201 203 199
197 13 198
203 206 199
201 197 198
202 200 199
12 201 198
199 200 201
199 208 202
347 346 208
205 206 207
508 547 336
337 219 279
12 204 1569
206 208 199
206 1569 207
206 205 208
11 416 204
417 418 11
335 279 205
350 352 346
304 280 303
209 303 308
281 175 220
223 1580 222
178 223 222
223 281 1578
1570 213 212
212 181 214
162 225 182
181 212 213
236 181 233
46 214 240
251 215 248
252 288 162
216 255 256
259 217 165
165 254 259
273 277 185
337 342 219
64 218 187
209 220 303
304 303 220
220 209 281
224 211 360
364 391 283
223 178 210
224 222 211
281 210 175
357 281 209
308 314 209
224 221 282
162 226 227
213 182 225
402 242 399
226 230 228
228 227 226
181 213 227
235 229 230
228 234 233
379 324 243
228 233 181
288 235 230
234 230 229
231 234 241
236 214 181
249 252 162
244 249 162
234 228 230
233 231 236
234 286 241
233 234 231
288 230 226
376 397 398
239 236 231
183 285 164
229 235 242
259 185 217
377 293 295
575 641 399
265 231 241
258 260 262
239 240 236
183 144 240
286 234 229
265 268 270
397 235 232
577 379 243
325 329 331
1095 378 384
245 182 79
289 290 215
247 79 97
245 247 248
289 251 318
36 517 400
89 247 97
248 247 86
86 250 248
248 250 251
290 244 215
252 249 246
86 88 1571
251 250 85
1581 253 371
289 215 251
246 291 1573
288 252 232
253 373 371
321 320 81
183 254 148
259 254 216
256 255 164
254 255 216
262 260 164
164 260 256
257 267 263
260 264 256
258 262 270
264 258 294
216 257 259
185 259 257
262 164 239
260 258 264
884 296 326
904 1627 332
239 265 262
241 268 265
267 256 264
842 269 263
258 270 274
267 261 263
231 265 239
518 519 286
261 264 297
277 278 300
256 267 257
261 267 264
325 327 329
270 262 265
842 263 261
266 2093 273
241 286 519
275 274 270
475 489 486
333 278 334
297 264 294
270 268 275
266 273 269
273 271 277
275 272 274
258 274 294
268 519 275
380 382 384
575 36 381
298 293 327
278 277 271
152 217 277
278 271 334
300 278 154
335 205 336
347 302 346
304 310 280
311 280 310
314 315 357
223 210 281
224 282 180
283 282 221
1680 316 1565
169 170 1572
704 669 515
317 699 1559
240 239 285
239 164 285
229 242 402
397 399 242
235 288 232
252 323 232
162 288 226
1574 318 374
249 290 246
290 249 244
291 290 289
371 374 318
287 1573 292
1574 1575 291
87 292 1575
272 295 274
326 296 298
274 295 294
297 295 298
519 243 275
293 298 295
296 297 298
327 326 298
295 297 294
261 297 296
1582 328 329
272 324 377
2093 405 271
334 405 299
155 300 154
277 300 152
509 548 604
335 337 279
219 342 343
389 550 511
304 220 174
657 308 303
174 306 304
312 306 33
618 619 617
365 361 362
309 306 174
312 307 310
346 352 202
351 388 348
657 303 280
305 665 314
174 175 356
309 160 188
306 310 304
311 310 307
347 219 349
605 606 311
33 195 312
2092 312 195
311 606 280
359 362 361
305 314 308
314 313 315
664 315 1606
211 1580 365
360 1565 1568
699 317 284
1563 1561 368
362 359 1680
85 318 251
85 1581 371
1575 1574 1576
81 320 84
25 100 107
320 253 1581
25 322 1579
323 375 1573
322 372 1579
398 403 517
324 272 243
243 272 275
325 331 332
678 679 681
749 753 752
1582 329 327
326 327 325
377 378 293
1094 1095 581
1582 327 293
1096 328 1094
850 846 847
677 414 413
1096 329 328
331 330 1055
1073 749 924
409 738 407
733 737 408
333 1604 601
405 2093 385
334 299 1613
336 205 207
335 301 337
207 386 336
386 45 508
301 340 339
337 301 339
345 341 344
342 339 344
301 547 340
339 338 344
509 340 35
339 340 604
548 338 604
349 302 347
339 342 337
343 342 341
341 552 551
311 388 510
345 344 338
342 344 341
825 878 875
512 355 343
347 208 279
346 302 350
279 219 347
349 219 343
350 351 348
348 388 2092
354 351 302
307 2092 388
351 350 302
350 348 352
349 354 302
349 343 355
2092 352 348
202 353 193
2092 353 352
195 193 353
354 349 355
511 354 355
551 512 343
605 311 510
160 356 173
174 356 309
314 357 209
1578 357 315
393 703 1556
393 392 358
1684 704 515
704 284 702
362 360 211
359 369 317
361 365 366
359 317 316
1580 363 365
369 359 361
363 1580 1578
1606 662 663
369 367 284
358 1687 703
211 365 362
365 363 664
366 516 370
367 629 702
369 361 370
367 369 370
629 633 702
515 395 701
370 361 366
358 364 1687
366 663 616
627 629 370
253 372 373
371 373 374
372 83 373
1579 372 253
373 319 374
373 83 319
1575 1573 291
319 87 1576
323 252 375
575 517 36
235 397 242
272 377 295
378 377 324
380 324 379
324 380 378
577 243 237
379 276 380
276 401 382
380 276 382
578 580 384
384 378 380
401 276 522
579 578 382
376 575 399
1587 238 401
382 578 384
384 580 581
1614 679 413
412 414 410
416 386 207
45 529 508
527 423 525
556 345 560
354 550 351
311 307 388
550 389 510
776 2094 614
554 555 390
562 555 559
221 364 283
392 391 358
515 701 1558
394 72 513
115 1552 1553
116 1551 115
1555 394 392
514 394 112
515 669 395
1565 1563 1564
616 396 516
1557 1683 1681
398 397 232
399 397 376
232 323 398
403 287 400
575 376 517
402 286 229
578 1590 580
323 403 398
521 237 518
521 522 577
519 518 237
323 1573 1577
403 400 517
271 405 334
576 383 1588
839 748 841
385 1616 407
409 411 408
385 407 405
407 406 409
738 409 408
598 545 483
412 409 406
412 411 409
385 2093 841
542 598 653
583 411 410
583 524 674
406 1615 414
411 412 410
679 415 677
678 683 791
406 414 412
414 677 676
1614 681 679
908 930 931
416 207 1569
11 418 416
418 417 419
418 45 386
419 417 10
422 424 421
424 420 421
424 428 420
423 45 419
422 9 424
421 420 423
428 426 39
421 10 422
423 527 529
427 424 9
428 427 1592
427 430 431
425 427 431
534 526 532
420 525 423
430 8 431
427 425 1592
427 428 424
538 530 533
526 39 532
528 35 529
436 434 435
427 9 430
434 433 431
436 432 434
448 1594 445
442 443 432
533 426 536
435 7 436
434 432 445
439 441 438
434 8 435
436 7 438
438 441 437
449 448 445
439 6 441
437 460 438
437 441 455
438 7 439
443 445 432
450 454 447
441 6 447
438 442 436
443 442 440
460 462 453
434 445 433
447 454 444
440 438 460
460 453 440
538 1597 539
437 455 456
589 463 472
450 5 454
444 470 447
443 440 463
533 532 39
484 477 472
445 443 449
447 470 451
447 6 450
459 5 446
588 448 449
459 458 461
462 460 456
457 464 480
465 459 446
454 5 459
447 455 441
456 455 451
140 468 23
595 500 490
446 4 465
458 1583 461
501 507 603
461 466 459
444 454 466
444 466 467
437 456 460
456 451 464
485 595 592
464 462 456
472 463 453
449 443 463
451 470 480
464 457 1584
474 465 4
474 473 465
459 466 454
467 466 461
467 461 476
480 470 475
484 592 651
590 540 647
479 468 474
469 468 488
444 467 470
467 475 470
1698 473 502
545 599 494
484 472 453
651 592 593
497 469 492
487 471 476
479 23 468
473 474 469
482 467 476
489 475 597
461 1583 487
482 476 471
485 484 453
499 489 544
686 540 646
591 686 478
480 464 451
474 4 479
486 480 475
497 473 469
507 505 506
471 543 597
467 482 475
495 471 487
486 457 480
485 453 462
488 468 135
462 1584 485
486 493 457
461 487 476
500 457 493
481 1618 495
1585 135 139
498 41 492
597 475 482
490 493 499
486 499 493
649 595 650
1583 1698 481
408 642 733
469 488 492
498 492 488
499 486 489
500 493 490
543 496 483
774 693 504
481 495 487
495 491 496
744 742 739
494 544 545
505 497 41
473 497 502
488 135 1585
498 150 503
544 489 483
499 494 687
594 649 650
500 485 1584
507 501 505
481 1619 1618
505 502 497
502 505 1619
150 149 503
506 149 156
595 490 648
452 593 649
505 41 506
505 501 1619
156 507 506
41 503 506
156 601 600
735 1613 737
35 340 547
336 386 508
529 527 528
509 387 548
351 510 388
605 389 549
572 355 512
569 568 562
551 343 341
390 568 608
117 513 72
169 513 170
1586 112 114
514 1586 2091
1683 1682 26
702 284 367
662 573 663
628 627 516
286 402 518
517 376 398
402 641 521
243 519 237
241 519 268
575 576 641
576 1588 520
402 521 518
522 521 520
520 1588 1589
276 379 577
1590 404 1169
1169 580 1590
643 583 410
863 643 756
39 420 428
527 525 526
528 531 535
535 509 528
39 525 420
526 525 39
509 535 387
509 35 528
508 529 35
45 423 529
530 532 533
527 531 528
533 39 426
526 534 531
532 530 534
536 426 1592
1596 538 536
538 539 530
531 645 535
587 645 534
530 585 534
1594 1593 433
1596 1594 1595
590 448 588
1603 586 1600
536 538 533
1603 1599 429
1597 1602 1601
585 530 539
588 449 589
484 485 592
651 593 452
478 477 541
652 496 491
869 870 800
483 489 597
495 543 471
545 544 483
494 499 544
598 483 496
545 542 599
642 408 411
600 603 507
336 547 301
35 547 508
560 1605 558
338 548 563
511 572 610
775 656 549
351 550 510
354 511 550
552 341 345
512 551 554
556 555 552
512 554 390
553 555 556
553 1625 559
551 552 554
555 554 552
556 552 345
555 553 559
1605 560 563
558 1648 560
612 614 2094
390 562 568
658 548 387
561 876 779
1212 567 1208
562 559 557
563 560 345
553 877 564
556 560 877
557 571 569
562 557 569
555 562 390
338 563 345
658 1605 548
1229 1212 1646
875 804 880
1270 1209 1230
894 1625 564
565 557 559
623 617 619
696 892 893
566 569 571
608 609 572
572 511 355
557 570 571
568 569 566
894 565 1625
570 557 565
778 779 696
611 613 615
608 512 390
568 566 613
619 783 623
621 313 665
668 618 667
669 633 631
576 575 381
383 576 381
641 576 520
521 577 237
276 577 522
579 382 401
578 1591 1590
1591 401 238
401 1591 579
1202 1126 1170
328 1095 1094
1126 1097 1125
1071 1125 1127
732 837 787
542 545 598
643 410 676
674 642 411
1609 1702 1703
660 1301 1302
1600 585 539
1617 685 757
534 645 531
757 685 584
534 585 587
586 587 585
449 463 589
590 588 540
646 472 477
540 588 589
538 1596 1597
1700 1601 1602
24 647 591
646 589 472
485 500 595
688 759 1620
651 452 541
452 649 594
593 592 595
799 797 770
471 597 482
483 597 543
652 598 496
598 652 653
763 599 542
692 655 691
601 156 154
2095 603 546
333 601 154
546 600 601
1604 735 1612
758 652 491
546 603 600
603 602 1620
339 604 338
509 604 340
389 605 510
606 605 549
656 606 549
657 305 308
659 387 644
659 607 658
609 608 568
512 608 572
610 2094 511
572 609 610
612 613 611
609 612 610
661 566 571
661 615 566
613 612 609
612 611 614
568 613 609
613 566 615
816 611 698
776 775 549
670 671 637
616 618 396
366 616 516
619 618 616
667 625 626
620 667 626
619 616 573
618 617 667
662 621 573
619 573 621
625 617 623
639 716 634
665 313 314
606 656 305
698 611 615
782 615 661
783 619 621
622 895 625
694 803 879
671 712 713
622 625 623
625 624 626
637 635 636
630 636 638
628 516 396
629 627 574
396 668 630
574 627 628
629 574 633
370 629 367
631 836 786
628 630 640
640 630 638
630 620 636
358 391 364
669 631 395
574 640 836
284 704 699
620 626 670
638 639 634
626 624 705
718 786 716
636 620 670
638 636 635
804 806 622
715 720 719
639 638 635
638 634 640
637 713 715
699 1560 1559
634 786 836
640 574 628
521 641 520
399 641 402
674 411 583
733 642 734
855 792 853
524 583 643
644 535 645
1617 757 587
686 477 478
645 587 1608
540 589 646
590 647 24
686 647 540
490 687 648
691 494 599
593 595 649
650 595 648
774 650 648
504 594 650
541 477 651
484 651 477
688 758 759
652 596 653
763 769 692
765 40 693
650 774 504
764 653 596
765 693 655
776 694 775
697 621 665
280 606 657
305 657 606
659 658 387
658 607 1605
695 1702 1607
644 695 659
561 874 1023
1302 607 1607
778 571 1624
622 697 804
616 663 573
313 621 662
664 663 366
313 1606 315
365 664 366
315 664 363
656 805 305
622 623 783
778 661 571
831 834 785
667 620 668
625 667 617
630 668 620
618 668 396
1696 1556 703
669 704 702
670 626 705
636 670 637
671 705 707
707 709 671
1692 1685 1686
715 719 635
671 709 712
639 721 716
787 674 524
582 642 674
733 734 675
743 2095 1612
414 676 410
415 643 676
679 677 413
415 676 677
683 681 746
746 843 683
1615 751 1614
415 679 678
680 750 747
993 1014 1073
746 747 682
747 746 680
753 754 844
678 681 683
844 790 843
684 852 854
859 793 864
643 415 756
686 591 647
586 429 685
477 686 646
499 687 490
687 494 691
743 675 742
758 760 652
769 867 772
40 765 767
794 795 762
582 739 734
692 691 599
691 655 802
763 692 599
766 767 768
687 691 802
816 818 611
1608 695 644
804 697 777
1610 30 1259
808 812 814
778 781 661
777 697 805
656 775 777
661 781 782
817 816 698
723 725 728
1683 701 1682
700 718 724
1696 1693 27
699 1684 1560
631 718 395
368 1559 1560
700 701 395
725 724 718
727 1682 700
369 284 317
1561 317 1559
896 706 916
670 705 671
897 918 1628
710 708 709
916 705 624
710 709 707
920 833 937
715 713 714
710 707 706
708 984 712
804 777 880
782 807 698
1631 1708 1705
714 720 715
708 712 709
713 712 711
711 1705 713
671 713 637
708 710 883
719 721 639
942 883 963
635 637 715
672 720 717
1747 1704 1746
717 720 714
727 700 724
395 718 700
786 718 631
639 635 719
728 725 721
731 728 730
719 720 672
719 672 721
717 1735 672
984 711 712
725 718 716
1563 316 1561
1756 723 1754
721 725 716
723 724 725
1756 724 723
1752 731 1747
1759 727 1756
730 672 729
721 730 728
1726 1733 1611
731 1754 728
672 730 721
730 729 1977
1977 1704 1747
731 1752 1754
793 859 929
745 888 795
734 642 582
675 735 737
1623 739 740
675 734 742
1612 735 675
1613 333 334
1623 788 889
596 652 760
675 737 733
1613 738 737
738 299 407
408 737 738
740 739 582
739 736 744
837 582 674
740 732 788
744 745 741
743 1622 1621
739 742 734
743 742 741
1622 761 1621
743 1621 2095
745 744 736
742 744 741
888 889 865
762 596 760
680 746 681
843 746 682
748 750 751
840 923 924
839 842 789
748 838 752
682 747 753
750 752 747
680 1614 750
750 748 752
751 750 1614
1616 751 1615
839 838 748
838 840 752
752 753 747
754 753 749
1054 985 1057
907 927 928
791 683 845
791 885 755
791 755 855
864 863 756
1710 1730 1732
757 1703 1608
759 758 491
758 688 760
1618 759 491
1619 1620 759
761 760 688
760 761 762
761 688 1621
794 741 745
794 762 761
762 866 764
868 653 796
773 689 771
762 764 596
771 689 768
655 692 765
765 692 767
766 768 689
40 767 766
767 769 768
772 867 869
692 769 767
772 771 768
867 769 763
654 773 797
772 768 769
797 773 771
763 868 867
770 771 772
802 648 687
797 771 770
655 693 774
549 389 776
777 775 694
2094 776 389
776 614 803
784 817 820
697 665 805
571 570 1624
912 913 696
894 570 565
779 1624 561
808 810 812
807 666 698
913 778 696
781 780 782
782 780 807
615 782 698
621 697 783
622 783 697
666 821 817
776 803 694
666 807 809
824 819 822
836 631 633
716 786 634
863 524 643
837 732 740
932 948 1630
801 799 798
789 903 884
752 840 749
964 993 925
849 885 847
683 843 845
792 855 755
684 756 852
756 853 852
684 857 859
929 908 793
741 794 761
795 794 745
888 745 889
690 764 866
764 870 653
690 870 764
800 975 799
890 795 888
1229 1209 1213
797 799 801
800 799 770
872 910 871
770 772 869
795 890 690
872 654 801
797 801 654
655 774 802
648 802 774
818 803 614
803 818 879
826 880 694
804 875 806
305 805 665
656 777 805
1028 1025 1633
873 876 936
810 807 780
810 809 807
696 893 912
815 1626 814
1626 881 899
820 817 821
913 812 780
809 810 808
696 779 892
982 893 980
780 812 810
811 982 814
893 811 912
827 831 785
811 814 812
814 813 1089
813 814 982
835 834 833
817 698 666
818 816 784
822 821 666
784 816 817
818 784 879
611 818 614
809 824 822
896 897 706
820 819 828
784 820 826
822 666 809
819 820 821
899 824 809
819 821 822
1626 899 809
831 832 829
823 827 824
819 830 828
827 830 824
895 896 624
828 826 820
806 875 878
832 831 827
917 828 830
830 819 824
828 825 898
900 829 832
984 708 942
827 785 830
917 830 918
832 827 823
937 834 829
823 881 832
900 832 919
938 829 900
835 883 710
829 834 831
833 883 835
1628 710 706
785 834 835
574 836 633
634 836 640
582 837 740
674 787 837
751 841 748
840 838 789
842 839 266
789 838 839
789 884 840
840 884 923
841 751 1616
266 839 841
269 842 266
842 261 903
844 843 682
845 843 790
753 844 682
844 754 1639
847 845 790
791 845 885
754 1121 1639
857 860 856
1639 850 847
847 846 849
1054 1056 944
1157 1158 850
886 905 906
849 846 1183
1639 847 790
850 848 1157
1014 993 986
1279 966 1278
853 756 415
854 852 792
855 415 678
792 852 853
849 905 755
928 854 792
415 855 853
678 791 855
997 967 859
684 854 857
927 860 857
856 1010 857
858 886 996
856 860 861
954 1077 1078
887 732 787
927 857 854
860 858 1279
886 907 905
954 971 949
859 967 929
801 798 973
864 756 684
863 793 931
859 864 684
793 863 864
732 887 932
890 974 975
762 795 866
690 866 795
868 763 542
869 867 796
653 868 542
796 867 868
870 869 796
770 869 800
870 690 976
653 870 796
911 871 910
29 933 969
910 801 891
935 980 893
553 556 877
561 894 874
896 895 878
1208 1024 1212
564 1645 894
892 779 876
561 570 894
935 893 873
897 896 878
806 895 622
784 826 879
694 879 826
694 880 777
898 880 826
899 881 823
901 881 815
2008 1106 1041
943 1025 1004
883 833 920
708 883 942
842 903 789
326 1627 923
847 885 845
755 885 849
886 906 945
945 996 886
930 787 524
947 932 887
889 745 736
888 865 890
1623 889 736
1019 889 788
977 951 974
976 890 975
951 1002 950
1630 788 732
561 1023 1021
893 892 873
892 876 873
979 935 873
898 875 880
895 806 878
897 878 825
895 624 625
706 707 916
917 897 825
897 917 918
828 898 826
875 898 825
824 899 823
1626 809 808
919 881 901
920 937 1629
1046 901 815
900 901 882
941 939 1087
922 1149 962
261 296 903
296 884 903
325 1627 326
840 924 749
906 905 849
907 886 858
1159 1158 851
1184 965 1221
858 860 927
755 905 907
862 887 908
887 787 930
909 932 947
911 933 871
801 910 872
911 910 891
950 911 891
952 911 950
913 811 812
781 913 780
913 781 778
913 912 811
940 1033 1106
1864 1782 1849
1922 1910 1921
936 1021 1022
705 916 707
624 896 916
828 917 825
918 830 785
835 1628 785
918 785 1628
881 919 832
901 900 919
833 834 937
943 920 902
938 900 939
921 938 939
961 902 1629
1004 1086 922
326 923 884
924 923 904
332 925 904
924 904 925
925 332 964
925 1073 924
1304 1652 1141
1651 1197 1244
928 927 854
858 927 907
792 755 928
755 907 928
856 861 1012
862 908 929
931 930 524
887 930 908
863 931 524
908 931 793
947 887 862
909 978 932
891 951 950
969 911 949
1019 948 1001
1150 979 936
1113 1116 1034
1182 1210 1208
936 876 1021
938 937 829
1629 937 921
939 900 882
937 938 921
1035 1036 1031
1035 1087 882
1004 922 943
939 941 921
1106 1717 2103
921 941 961
963 920 943
942 922 962
961 1027 902
942 943 922
1054 944 964
944 993 964
1183 906 849
996 945 1192
801 973 891
1099 1100 1074
967 999 929
949 952 954
978 953 956
934 1002 1020
949 911 952
955 954 952
951 891 973
950 934 952
798 974 951
890 977 974
956 953 955
952 934 955
1101 1103 1011
999 862 929
947 1009 909
972 1017 970
956 955 934
954 955 953
1001 956 1020
956 948 978
1150 1022 1119
1114 1638 1113
959 1006 1712
982 1632 1090
1713 1718 1028
942 962 984
960 1633 1026
1080 1886 1885
1716 1714 1715
1005 1723 1721
1086 1149 922
711 962 1631
920 963 883
943 942 963
1055 985 1053
1054 964 1053
1065 986 944
1214 989 990
1273 1275 966
1142 1012 1140
997 859 1010
1141 1140 861
972 29 971
953 1016 1015
911 969 933
954 953 1015
971 969 949
969 971 29
798 951 973
1078 1017 972
975 974 798
977 890 865
799 975 798
975 800 976
870 976 800
690 890 976
977 865 1001
950 1002 934
932 978 948
978 909 1016
936 979 873
957 935 979
980 935 914
1632 914 981
1049 1108 1109
935 957 1115
1632 982 980
893 982 811
1099 999 967
1782 1037 1799
711 984 962
944 1056 1065
1176 1177 1178
1122 1091 1121
1184 945 906
1214 1246 1191
1187 989 1197
1241 1655 1250
1140 1141 1105
1225 1060 1243
992 965 1159
1650 1192 1221
1196 1198 1234
1177 1172 2099
993 944 986
1307 1222 1306
862 1079 947
1267 1224 995
1187 1651 926
1641 1137 1186
1160 1188 1163
946 1217 1207
945 1184 1221
996 966 1279
1012 997 856
1173 1076 1104
862 999 1079
970 1017 1018
1100 967 1138
1011 1009 947
1000 1078 1077
1207 1018 1203
865 889 1019
956 1001 948
951 977 1002
1020 977 1001
1023 1024 1003
1181 983 1180
1025 943 902
915 1715 1081
1084 941 2103
1081 1044 1083
1041 1106 1033
1765 1766 1768
1948 1943 1947
961 941 1084
1054 1053 985
1105 1145 1142
1246 1214 1188
1065 1056 1070
754 749 1014
998 1009 1011
909 1009 1016
1054 1061 1056
1075 1138 1012
857 1010 859
1015 998 1076
1122 1014 986
953 978 1016
856 997 1010
1016 998 1015
1013 1074 1100
1078 972 971
1016 1009 998
1018 1017 1000
1076 1000 1077
1104 1171 1173
948 1019 788
865 1019 1001
934 1020 956
977 1020 1002
561 1021 876
1022 1021 1003
28 1179 1151
1119 1117 957
1023 874 1644
1021 1023 1003
1644 1645 1211
983 1181 1210
1027 1025 902
1717 1861 1866
1910 1914 1916
1708 1710 717
1715 1721 1716
1088 1083 1032
1714 1716 1709
1044 1032 1083
1035 1031 1033
815 1089 1046
1713 1028 1148
1106 1722 1717
1043 1031 1036
1037 1807 1799
1851 1848 1805
958 1796 1780
1035 1033 940
1033 1031 1041
1634 1763 1767
2022 1032 1042
940 941 1087
1035 882 1036
882 901 1036
1039 1089 1051
1043 1047 1031
941 940 2103
1842 1855 1857
1762 1034 1030
1090 1108 1051
1048 1045 1047
1041 1037 2008
1849 1805 1864
1031 1047 1807
1723 1980 1725
1913 1910 1879
1044 1006 1080
1046 1036 901
1047 1043 1048
1636 1764 1767
1027 1026 1633
1048 1052 1798
1767 1795 1636
1039 1043 1046
1046 1043 1036
1048 1043 1039
1047 1045 1807
1051 1049 1050
1050 1048 1039
1112 981 914
1050 1052 1048
1051 1050 1039
1052 1050 1049
1089 1039 1046
1051 813 1090
1109 1108 981
1052 1636 1795
964 332 1053
1055 1053 332
1063 985 1069
1057 1061 1054
331 1055 332
1055 330 1069
1167 1062 1165
1155 848 1091
1124 2098 1166
1092 1066 1061
1071 1127 1069
1063 1068 1092
1059 1061 1066
1156 851 1157
1063 1058 1068
1059 1070 1056
1092 1062 1066
1061 1059 1056
1057 985 1063
1070 1059 1072
985 1055 1069
1059 1066 1067
1131 1640 1129
1065 1164 1091
1064 1120 1164
1092 1061 1057
1066 1062 1199
1129 1132 1098
1067 1129 1072
1226 1166 2098
1165 1062 1092
1071 1069 330
1058 1063 1069
1072 1059 1067
1065 1070 1064
1096 1094 1071
1094 1125 1071
1066 1199 1067
1070 1072 1640
993 1073 925
749 1073 1014
998 1103 1104
999 1099 1101
861 1140 1012
945 1221 1192
998 1011 1103
1076 1173 1204
954 1015 1077
1076 1077 1015
1017 1078 1000
954 1078 971
1101 1079 999
947 1079 1011
1633 1025 1027
1081 1083 1085
1887 1865 1880
1028 1718 1004
1080 959 1082
1725 1726 1719
1042 1881 2022
1806 1814 1822
1634 1767 1764
1634 1764 1765
1768 1763 1634
960 1148 1633
1028 1633 1148
1149 1086 959
882 1087 939
940 1087 1035
1870 960 1858
1044 1885 1032
814 1089 815
813 1051 1089
982 1090 813
1108 1090 981
1121 1091 848
986 1065 1091
1063 1092 1057
1092 1068 1165
1125 1094 581
1168 1068 1058
1071 330 1096
378 1095 328
384 581 1095
330 331 1096
1096 331 329
581 580 1126
1128 1202 2097
1132 1134 1098
1064 1070 1640
1100 1099 967
1101 1099 1074
1138 967 997
1100 1138 1013
1101 1205 1103
1079 1101 1011
1175 1205 1013
1018 1204 1203
1205 1101 1074
1103 1102 1104
1104 1102 1171
1076 998 1104
1653 1105 1652
1144 1075 1142
1027 961 1084
1082 1718 1713
1711 1707 1107
714 1705 1708
1112 914 1114
1051 1108 1049
1115 1117 1638
1635 1636 1052
1770 1109 1112
981 1112 1109
1109 1111 1635
1049 1635 1052
1765 1762 1110
1114 1118 1112
1770 1112 1118
1115 1114 914
1117 1152 1154
935 1115 914
1115 957 1117
1152 1153 1154
1769 1770 1637
957 1150 1119
1185 1162 1064
1030 1110 1762
1118 1114 1113
1180 983 1151
1152 1119 1179
848 850 1639
1156 1157 1155
1122 1121 754
1014 1122 754
986 1091 1122
1225 1201 1060
1225 1243 1233
1058 1127 1128
2096 1093 2098
1126 1125 581
1127 1125 1097
580 1169 1126
1202 1170 31
1128 1127 1097
1127 1058 1069
1128 1097 1202
1128 1124 1168
1216 1132 1129
1098 1641 1129
988 1130 1200
1198 1263 1220
1137 1641 1136
1186 1185 1131
1216 1129 1067
1130 1194 1134
1437 1237 1251
1098 1134 1136
1130 1134 1132
1643 1136 1134
1192 1273 966
1261 1188 1214
1643 1134 1133
1136 1135 1137
1189 1186 1137
1156 1120 1161
1012 1138 997
1013 1138 1075
1175 1206 1172
1013 1144 1642
1141 1278 1275
1142 1140 1105
1244 1146 1651
1659 1252 1240
1145 1144 1142
1012 1142 1075
1192 1274 1273
1171 1176 1139
1642 1143 1147
1013 1075 1144
966 996 1192
1143 1144 1145
1197 1222 1244
1251 1336 1252
1351 1143 1653
1174 1171 1102
1005 915 1007
1714 1006 1044
1028 1004 1025
1149 1107 1706
979 1150 957
1022 1150 936
1116 1113 1154
1179 1119 1180
1117 1119 1152
1116 1154 1153
1152 28 1153
1638 1154 1113
1164 1155 1091
1155 1120 1156
1161 1120 1162
851 1156 1163
1157 851 1158
1155 1157 848
851 992 1159
850 1158 846
965 926 1221
1158 1159 1183
1214 1191 989
1161 1163 1156
1162 1120 1064
1163 1161 1160
1064 1640 1185
1160 1161 1162
1186 1160 1185
1163 992 851
1064 1164 1065
1155 1164 1120
1068 1168 1166
1167 1165 1123
1123 1165 1166
1068 1166 1165
1226 1201 1225
1199 1200 1067
1128 1168 1058
1166 1168 1124
579 1591 578
1170 1169 404
1172 1174 1175
1169 1170 1126
1171 1139 1173
1218 1178 1177
1174 1176 1171
1203 1173 1139
1076 1204 1000
1175 1174 1102
1174 1172 1176
1205 1175 1102
1175 1013 1206
1177 1176 1172
1178 1139 1176
2099 1172 1206
1235 1240 1228
1227 1207 1203
1227 946 1207
1152 1179 28
1180 1119 1022
1180 1022 1181
1151 1179 1180
1022 1003 1181
1210 1024 1208
1158 1183 846
1211 1212 1024
1184 1159 965
906 1183 1184
1184 1183 1159
1131 1641 1186
1160 1162 1185
1135 1318 1137
1160 1186 1188
1146 1650 926
1197 989 994
1189 1188 1186
1277 1260 1323
1287 1193 1286
1187 990 989
990 926 965
1222 994 1306
1167 1233 1200
1187 926 990
1136 1643 1135
994 989 1191
1194 1245 1133
1203 1247 1227
1242 1193 1133
994 1195 1281
1189 1246 1188
1224 1198 1220
1190 1345 1349
1318 1288 1298
988 1233 1243
1196 1194 1130
1666 1434 1359
1198 1196 1263
1062 1167 1199
1200 1199 1167
1123 1226 1225
1130 1132 1216
970 1018 1217
1225 1233 1167
1202 31 2097
1126 1202 1097
1247 1139 1178
1247 1203 1139
1203 1204 1173
1018 1000 1204
1103 1205 1102
1013 1205 1074
1642 1206 1013
1206 1147 2099
1248 946 1268
1240 1177 1236
567 1182 1208
1182 983 1210
1271 1272 1301
1229 1230 1209
1181 1003 1210
1024 1210 1003
1644 1211 1024
1648 1649 877
1213 567 1212
990 965 992
1646 1212 1211
1261 992 1163
1436 1257 1255
1332 1215 1331
1067 1200 1216
1130 1216 1200
1235 1218 1177
1217 1018 1207
1227 1178 1218
1219 1647 1231
1219 1231 1230
991 1265 1283
1234 1194 1196
1274 1146 1276
1284 991 1283
994 1191 1195
1233 988 1200
1268 1218 1250
1503 1513 1495
991 1267 1265
988 1196 1130
988 1243 1263
1123 1225 1167
1166 1226 1123
1093 1201 1226
1218 1235 1249
1241 1250 1249
1660 1351 1350
1212 1229 1213
1230 1229 1219
1646 1647 1219
1259 30 1232
560 1648 877
1231 1272 1271
1243 1060 1220
1702 1610 660
1194 1234 1245
1177 1240 1235
1178 1227 1247
1656 1654 1655
946 1227 1268
1337 1336 1332
1331 1215 1269
1300 1299 1253
1318 1135 1288
1251 1252 1238
1652 1304 1190
1250 1223 1248
1255 1299 1269
1218 1249 1250
990 992 1214
1255 1269 1237
1267 1198 1224
1245 991 1242
1193 1242 1286
1245 1242 1133
1197 994 1222
1234 991 1245
1191 1246 1320
1134 1194 1133
1337 1249 1228
995 1008 1265
1251 1237 1215
1228 1249 1235
1437 1251 1238
1269 1215 1237
1240 1252 1228
1251 1215 1336
1334 1257 1256
1280 1306 1281
1384 1256 1385
1237 1239 1255
1660 1143 1351
1659 1240 1236
1422 1345 1342
1394 1378 1393
1341 1343 1345
1436 1255 1239
1250 1655 1223
1472 1492 1352
1257 1253 1299
1232 1270 1259
1270 1230 1271
1326 1327 1276
1275 1277 1141
1188 1261 1163
1214 992 1261
1193 1287 1288
1330 1297 1315
988 1263 1196
1243 1220 1263
1294 1289 1293
1262 1281 1317
1519 1517 1510
1267 991 1234
1008 1283 1265
1286 1285 1282
1198 1267 1234
995 1265 1267
1218 1268 1227
1250 1248 1268
1209 1270 1232
1422 1411 1347
1271 1230 1231
1648 1272 1231
1259 1270 1271
558 1605 1302
1259 1301 660
1192 1650 1274
1275 1273 1260
1276 1146 1244
1260 1273 1274
1277 1275 1260
1141 861 1278
1222 1307 1309
1276 1244 1324
1260 1327 1323
1277 1340 1341
1279 1278 861
966 1275 1278
860 1279 861
1279 858 996
1314 1311 1262
1244 1309 1324
1288 1287 1292
1280 1281 1262
1242 991 1284
1319 1320 1246
1008 1511 1520
1283 1499 1284
1286 1284 1285
1499 1285 1284
1290 1293 1289
1286 1282 1287
1242 1284 1286
1287 1290 1292
1135 1193 1288
1287 1282 1290
1298 1288 1292
1498 1285 1479
1479 1285 1515
1282 1498 1293
1290 1289 1292
1465 1463 1294
1308 1316 1352
1296 1292 1289
1296 1298 1292
1282 1293 1290
1294 1293 1291
1416 1418 1413
1467 1463 1465
1289 1297 1296
1295 1317 1195
1297 1289 1294
1296 1295 1298
1294 1466 1465
1295 1296 1297
1320 1295 1195
1319 1189 1318
1257 1299 1255
1253 1361 1300
1366 1338 1331
1356 1354 1322
1271 1301 1259
1302 1301 1272
558 1302 1272
607 659 1607
1310 1312 1328
1325 1303 1353
1141 1277 1304
1323 1340 1277
1326 1325 1305
1304 1277 1341
1281 1306 994
1307 1306 1280
1310 1307 1280
1307 1328 1309
1310 1280 1311
1303 1309 1328
1309 1303 1324
1244 1222 1309
1311 1280 1262
1310 1308 1312
1315 1314 1262
1308 1310 1311
1308 1352 1322
1312 1308 1322
1443 1418 1417
1316 1311 1314
1330 1262 1317
1315 1463 1370
1463 1297 1294
1314 1370 1476
1428 1475 1501
1315 1370 1314
1195 1317 1281
1295 1297 1330
1319 1318 1298
1137 1318 1189
1320 1319 1298
1189 1319 1246
1295 1320 1298
1320 1195 1191
1316 1308 1311
1657 1338 968
1387 1385 1348
1362 1339 1361
1260 1274 1327
1661 1340 1323
1325 1324 1303
1326 1324 1325
1354 1335 1353
1346 1409 1410
1323 1326 1305
1276 1324 1326
1276 1327 1274
1323 1327 1326
1310 1328 1307
1303 1328 1312
1430 1421 1344
1353 1303 1354
1262 1330 1315
1295 1330 1317
1300 1269 1299
1300 1331 1269
1331 1338 1332
1336 1337 1228
1363 1300 1361
1355 1371 1353
1369 1382 1420
1382 1369 1377
1336 1228 1252
1371 1305 1325
1215 1332 1336
1332 1338 1657
1249 1337 1241
1366 1331 1300
1368 968 1338
1258 1376 1369
1367 1333 1363
1661 1323 1305
1340 1321 1341
1343 1341 1321
1190 1304 1341
1343 1346 1342
1411 1424 1347
1321 1662 1346
1345 1343 1342
1371 1372 1661
1356 1358 1335
1422 1349 1345
1341 1345 1190
1321 1346 1343
1346 1344 1409
1411 1422 1410
1658 1659 1350
1406 1385 1387
1411 1423 1436
1350 1349 1347
1653 1143 1145
1658 1350 1347
1350 1236 1660
1190 1349 1351
1350 1351 1349
1418 1313 1413
1329 1322 1352
1354 1303 1312
1355 1353 1335
1312 1322 1354
1356 1322 1329
1335 1358 1360
1340 1661 1321
1329 1496 1358
1335 1354 1356
1455 1666 1357
1355 1335 1360
1329 1358 1356
1373 1360 1358
1334 1256 1384
1407 1444 1408
1373 1358 1357
1433 1359 1431
1362 1361 1253
1363 1361 1339
1364 1362 1253
1254 1362 1364
1376 1365 1367
1368 1338 1375
1257 1364 1253
1384 1386 1334
1300 1363 1366
1339 1367 1363
1375 1363 1333
1367 1339 1369
1333 1367 1365
1339 1377 1369
1375 1338 1366
1254 1377 1362
1460 1443 1396
1497 1456 1494
1353 1371 1325
1371 1355 1372
1432 1431 1359
1662 1372 1430
1401 1438 1441
1359 1360 1373
1391 1414 1664
1378 1364 1334
1363 1375 1366
1333 1368 1375
1365 1376 1258
1367 1369 1376
1362 1377 1339
1382 1398 1415
1457 1667 1668
1393 1378 1386
1364 1257 1334
1398 1404 1416
1396 1417 1461
1364 1378 1254
1369 1420 1258
1334 1386 1378
1399 1377 1254
1256 1423 1385
1388 1392 1400
1384 1383 1386
1387 1348 1409
1384 1385 1406
1383 1389 1386
1393 1389 1395
1407 1387 1421
1444 1432 1435
1388 1389 1392
1378 1394 1254
1383 1408 1392
1389 1388 1395
1383 1384 1406
1459 1401 1441
1388 1414 1395
1399 1382 1377
1383 1392 1389
1444 1435 1390
1389 1393 1386
1393 1391 1394
1412 1427 1414
1254 1394 1399
1388 1412 1414
1393 1395 1391
1400 1401 1412
1415 1442 1380
1447 1451 1397
1404 1398 1399
1313 1418 1443
1382 1399 1398
1414 1391 1395
1664 1403 1391
1390 1400 1392
1458 1459 1441
1401 1400 1438
1391 1404 1394
1419 1460 2
1394 1404 1399
1413 1415 1398
1407 1406 1387
1427 1663 1402
1380 1381 1415
1426 1462 1419
2 1426 1419
1392 1408 1390
1421 1387 1344
1421 1432 1407
1383 1406 1408
1407 1408 1406
1409 1348 1410
1344 1387 1409
1410 1348 1411
1342 1346 1410
1423 1411 1348
1424 1411 1239
1412 1401 1427
1400 1412 1388
1404 1391 1403
1416 1404 1403
1417 1418 1416
1417 1416 1403
1415 1381 1420
1398 1416 1413
1427 1402 1461
1408 1444 1390
1315 1297 1463
1316 1476 1472
1460 1419 1313
1667 1449 1668
1415 1420 1382
1258 1420 1381
1344 1662 1430
1421 1431 1432
1349 1422 1347
1410 1422 1342
1385 1423 1348
1256 1257 1436
1437 1239 1237
1658 1424 1238
1400 1439 1438
1425 1438 1665
1313 1462 1413
1426 1380 1442
1417 1396 1443
1403 1664 1461
1533 1548 1532
1352 1316 1472
1413 1462 1442
1405 1475 1491
1355 1433 1372
1359 1433 1360
1421 1430 1431
1433 1431 1430
1359 1434 1432
1434 1435 1432
1372 1433 1430
1360 1433 1355
1666 1359 1373
1434 1374 1435
1435 1445 1439
1438 1439 1665
1411 1436 1239
1256 1436 1423
1238 1424 1437
1239 1437 1424
1400 1390 1439
1446 1441 1425
1390 1435 1439
1435 1374 1445
1425 1441 1438
1446 1440 1441
1459 1458 1379
1413 1442 1415
1313 1419 1462
1432 1444 1407
1467 1471 1405
1668 1451 1454
1446 1447 1397
1447 1446 1425
1397 1440 1446
1448 1425 1665
1447 1425 1448
1453 1452 1445
1448 1445 1452
1453 1450 1452
1449 1397 1451
1456 1450 1453
1447 1448 1451
1448 1452 1454
1453 1445 1374
1454 1452 1450
1374 1455 1453
1453 1455 1456
1450 1457 1454
1448 1454 1451
1374 1434 1666
1455 1357 1456
1496 1329 1493
1494 1496 1493
1456 1497 1509
1493 1352 1492
1663 1459 1379
1441 1440 1458
1427 1401 1459
1403 1461 1417
1460 1313 1443
1402 1396 1461
1442 1462 1426
1547 1469 1464
1478 1466 1291
1405 1370 1463
1471 1467 1469
1466 1294 1291
1467 1465 1464
1669 1464 1465
1465 1466 1669
1469 1467 1464
1463 1467 1405
1478 1480 1669
1481 1471 1468
1669 1547 1464
1469 1468 1471
1536 1473 1517
1484 1488 1500
1512 1506 1508
1476 1428 1472
1316 1314 1476
1671 1492 1472
1478 1291 1479
1526 1525 1524
1457 1509 1505
1471 1481 1670
1405 1471 1475
1429 1490 1485
1491 1370 1405
1476 1491 1428
1481 1484 1502
1494 1477 1503
1291 1498 1479
1478 1473 1480
1515 1285 1516
1478 1479 1517
1534 1526 1524
1480 1470 1547
1543 1488 1541
1545 1484 1468
1537 1526 1528
1674 1676 1677
1429 1485 1487
1485 1490 1502
1468 1484 1481
1544 1545 1546
1487 1500 1474
1429 1486 1490
1500 1487 1485
1501 1475 1670
1489 1501 1670
1674 1490 1486
1502 1490 1489
1428 1491 1475
1370 1491 1476
1671 1472 1428
1493 1492 1477
1494 1493 1477
1352 1493 1329
1503 1497 1494
1494 1456 1496
1672 1428 1501
1505 1507 987
1456 1357 1496
1358 1496 1357
1505 1497 1495
1497 1505 1509
1293 1498 1291
1285 1498 1282
1484 1500 1485
1518 1510 1516
1500 1488 1543
1504 1675 1513
1504 1503 1477
1481 1502 1489
1485 1502 1484
1477 1671 1504
1495 1497 1503
1489 1673 1501
1503 1504 1513
1507 1505 1495
987 1457 1505
1508 1507 1495
1506 1507 1508
987 1507 1506
1495 1513 1508
1513 1514 1677
1457 1450 1509
1450 1456 1509
1523 1266 1519
1515 1517 1479
1516 1499 1518
1283 1520 1499
1677 1512 1508
1675 1673 1514
1514 1673 1674
1677 1483 1512
1516 1285 1499
1517 1515 1510
1520 1518 1499
1510 1515 1516
1521 1523 1264
1517 1473 1478
1511 1264 1518
1510 1518 1264
1522 1529 1532
1517 1519 1536
1008 1520 1283
1518 1520 1511
1522 1526 1529
1510 1523 1519
1535 1473 1536
1264 1523 1510
1266 1523 1521
1527 1539 3
1526 1537 1525
1535 1548 1678
1528 1526 1522
1538 1540 1531
1529 1538 1532
1528 1522 1535
1528 1519 1537
1538 1534 1539
1532 1538 1531
1534 1538 1529
1526 1534 1529
1482 1543 1542
1541 1544 1533
1533 1532 1531
1541 1533 1531
1480 1678 1470
1530 1534 1524
1530 1539 1534
1535 1522 1548
1480 1473 1535
1519 1528 1536
1535 1536 1528
1519 1266 1537
1525 1537 1266
3 1539 1530
1540 1482 1542
1538 1539 1527
1538 1527 1540
1527 1482 1540
1542 1541 1531
1544 1541 1488
1540 1542 1531
1543 1482 1474
1543 1474 1500
1541 1542 1543
1545 1544 1488
1470 1533 1544
1484 1545 1488
1546 1545 1468
1469 1546 1468
1470 1544 1546
1470 1546 1547
1469 1547 1546
1532 1548 1522
1678 1533 1470
76 1549 32
71 1549 91
112 1554 1550
1555 393 1552
115 1551 1552
1554 1552 1551
1550 1554 1551
393 1553 1552
1555 1554 112
394 1555 112
393 1555 392
393 358 703
27 1553 1556
221 1567 364
633 669 702
1561 1559 368
704 1684 699
1563 1694 1564
1560 1692 1686
1695 1694 1691
317 1561 316
1686 632 1689
1567 1566 1687
1686 1689 368
1565 316 1563
1693 1696 1697
221 224 1568
1564 221 1568
1680 1565 360
1689 1691 368
1567 1687 364
221 1564 1567
1562 1693 1697
360 1568 224
1564 1568 1565
12 1569 203
416 1569 204
124 1570 122
126 213 1570
85 1571 37
86 1571 250
282 1572 159
1572 283 391
246 1573 375
403 1577 287
289 1574 291
374 319 1576
1573 1575 292
1575 1576 87
374 1576 1574
323 1577 403
1573 287 1577
357 1578 281
363 1578 315
320 1579 253
25 1579 321
222 1580 211
1578 1580 223
37 1581 85
1581 80 320
293 378 1582
328 1582 378
458 473 1698
487 1583 481
464 1584 462
500 1584 457
150 1585 139
488 1585 498
2091 1586 70
112 1586 514
383 1587 1588
401 522 1589
1589 1587 401
520 1589 522
1587 1589 1588
404 1590 523
238 523 1591
1590 1591 523
1592 426 428
1593 1592 425
431 1593 425
433 445 1594
1594 448 1595
536 1593 1594
448 590 1595
1700 1699 537
1595 1597 1596
1594 1596 536
1601 1598 1597
1597 1595 1602
1599 1598 1601
1598 1600 539
1603 1598 1599
585 1600 586
539 1597 1598
1599 1601 537
1595 590 1602
24 1699 1701
586 1603 429
1598 1603 1600
1604 333 1613
546 601 1604
1605 563 548
1302 1605 607
662 1606 313
664 1606 663
1302 1607 660
659 695 1607
645 1608 644
757 1608 587
584 1609 1703
1609 30 1610
660 1610 1259
1609 1610 1702
1710 1732 717
1708 1707 1710
743 1612 675
1604 1612 546
738 1613 299
1604 1613 735
681 1614 680
1615 1614 413
414 1615 413
1615 406 1616
407 1616 406
841 1616 385
587 586 1617
685 1617 586
495 1618 491
1619 481 502
1620 1619 501
1618 1619 759
603 1620 501
1620 602 1621
1620 1621 688
1621 602 2095
743 741 1622
741 761 1622
739 1623 736
740 788 1623
561 1624 570
778 1624 779
559 1625 565
553 564 1625
814 1626 808
881 1626 815
332 1627 325
923 1627 904
710 1628 835
897 1628 706
961 1629 921
920 1629 902
932 1630 732
948 788 1630
962 1706 1631
1706 1707 1631
1632 981 1090
980 914 1632
1086 1718 1082
1080 1082 1886
1776 1763 1778
2021 2020 1923
1109 1635 1049
1635 1111 1769
1636 1769 1764
1107 959 1712
1113 1034 1985
1116 1030 1034
1115 1638 1114
1154 1638 1117
1639 790 844
848 1639 1121
1129 1640 1072
1185 1640 1131
1129 1641 1131
1136 1641 1098
1143 1642 1144
1206 1642 1147
1133 1193 1643
1135 1643 1193
1023 1644 1024
1645 1644 874
894 1645 874
564 1211 1645
1647 1646 1211
1229 1646 1219
1211 564 1647
1649 564 877
1272 1648 558
1649 1648 1231
1231 1647 1649
564 1649 1647
926 1650 1221
1274 1650 1146
926 1651 1146
1197 1651 1187
1190 1351 1653
1141 1652 1105
1105 1653 1145
1190 1653 1652
1223 1655 1654
1656 1337 1332
1656 1655 1241
1656 1241 1337
968 1654 1656
968 1656 1657
1332 1657 1656
1424 1658 1347
1659 1658 1238
1252 1659 1238
1350 1659 1236
2099 1660 1236
1143 1660 1147
1371 1661 1305
1321 1661 1372
1346 1662 1344
1321 1372 1662
1414 1427 1664
1459 1663 1427
1461 1664 1427
1439 1445 1665
1448 1665 1445
1357 1666 1373
1374 1666 1455
1451 1668 1449
1457 987 1667
1454 1457 1668
1478 1669 1466
1547 1669 1480
1471 1670 1475
1489 1670 1481
1492 1671 1477
1672 1671 1428
1501 1673 1675
1671 1672 1504
1674 1673 1489
1513 1675 1514
1490 1674 1489
1677 1676 1483
1504 1672 1675
1501 1675 1672
1513 1677 1508
1674 1486 1676
1674 1677 1514
1535 1678 1480
1533 1678 1548
157 1679 101
107 1679 99
362 1680 360
359 316 1680
26 1681 1683
1558 1683 1557
700 1682 701
727 1759 1979
1558 701 1683
515 1558 1684
1560 1684 1558
1686 1685 632
1557 1692 1558
368 1560 1686
1687 1566 1688
1566 1567 1564
1563 1691 1694
1695 1562 1688
368 1691 1563
1695 1689 1690
1689 632 1690
1566 1694 1688
1558 1692 1560
1557 1685 1692
1694 1566 1564
1562 1697 1688
1691 1689 1695
1562 1695 1690
1688 1694 1695
1556 1696 27
1697 703 1687
703 1697 1696
1687 1688 1697
481 1698 502
458 1698 1583
1601 1700 537
1699 1700 1701
1701 1700 1602
1602 590 1701
24 1701 590
1607 1702 660
1703 1702 695
1608 1703 695
584 1703 757
1611 1733 1744
713 1705 714
711 1631 1705
1149 1706 962
1707 1706 1107
1107 1712 1711
1711 1710 1707
714 1708 717
1631 1707 1708
1081 1714 1044
1006 959 1080
1712 1714 1709
1735 1734 729
959 1107 1149
1710 1711 1709
1806 1824 1829
1709 1711 1712
1764 1769 1637
1720 1710 1709
1005 1007 1980
1715 1714 1081
1083 1088 2019
1730 1731 1727
2027 1040 1980
1709 1716 1720
915 1081 1085
2103 2010 1084
1713 1886 1082
2045 2066 1739
1719 1721 1723
1723 1725 1719
1721 1720 1716
1726 1729 1719
1715 1005 1721
1721 1719 1731
1085 1981 915
1980 1040 1725
1004 1718 1086
1040 1739 1740
1738 1737 1742
1733 1726 1736
1715 915 1005
1726 1725 1724
1745 1978 2101
1726 1611 1729
1734 1611 1704
1710 1720 1730
1745 1750 1760
1611 1744 1746
1611 1727 1729
1729 1727 1731
1731 1730 1720
1732 1730 1727
1721 1731 1720
1731 1719 1729
1734 1732 1727
1735 1732 1734
1736 1726 1724
1742 1978 1736
1611 1734 1727
1734 1704 1977
672 1735 729
717 1732 1735
1738 1736 1724
1738 1742 1736
1724 1725 1040
1738 1740 1737
1724 1040 1740
2100 2101 2102
1712 1006 1714
1739 2066 1740
1724 1740 1738
2026 2056 2030
1981 1085 1983
2066 1737 1740
1743 1744 1745
2102 673 2100
731 1977 1747
1745 1744 1733
1746 1744 1743
1978 1745 1733
722 1748 1760
1746 1743 1747
1611 1746 1704
1743 1748 1747
1749 1752 1753
1745 1728 1750
1753 1755 1749
1747 1753 1752
1759 1756 1757
1757 1758 1759
1760 1748 1743
1753 1747 1748
1748 722 1751
1754 1752 1749
1748 1751 1753
1755 1753 1751
1756 1754 1749
1754 723 728
1751 726 1755
1757 1755 726
1749 1755 1757
724 1756 727
1682 1979 26
1749 1757 1756
1745 1760 1743
1757 726 1758
1979 1758 26
722 1760 1750
1765 1637 1762
1763 1773 1767
1027 1084 1026
1765 1764 1637
1765 1110 1766
1086 1082 959
1762 1637 1985
1776 1773 1763
1034 1762 1985
1767 1773 1775
1761 1768 1766
1765 1768 1634
1635 1769 1636
1769 1111 1770
1770 1111 1109
1770 1118 1985
1777 1781 1785
1779 1772 1775
1775 1771 1781
1772 1783 1798
1776 1778 1797
1775 1773 1771
1793 1789 1784
1773 1776 1771
1781 1779 1775
1775 1772 1795
1763 1768 1778
1776 1774 1788
1784 1785 1786
1789 1804 1785
1768 1761 1778
1761 1780 1797
1779 1777 1849
1798 1783 1045
1786 1785 1781
1797 1774 1776
1777 1779 1781
1805 1849 1804
1782 1799 1783
1772 1779 1783
1782 1783 1779
1790 1784 1786
1787 1789 1794
1786 1781 1771
1785 1784 1789
1771 1788 1786
1791 1788 1774
1790 1793 1784
1836 1845 1832
1776 1788 1771
1986 1802 1989
1793 1808 1794
1789 1793 1794
1800 1786 1788
1800 1995 1790
1796 1791 1774
1791 1995 1800
1993 1994 1992
1810 1794 1808
1993 1992 1803
1801 1793 1790
1808 1793 1993
1808 1803 1811
1775 1795 1767
1052 1795 1772
1796 958 1988
1797 1796 1774
1761 1797 1778
1796 1797 1780
1048 1798 1045
1772 1798 1052
1807 1037 1041
1045 1783 1799
1786 1800 1790
1788 1791 1800
1789 1787 1804
1988 1987 1995
1804 1787 1805
1997 1803 1992
1813 1817 1825
1787 1816 1851
1777 1785 1804
1848 1847 1864
1838 1853 1841
1810 1816 1794
1807 1041 1031
1045 1799 1807
1993 1793 1801
1811 1810 1808
1833 1819 1821
2011 1837 1833
1810 1811 1813
1810 1814 1816
1817 1813 1811
1811 1803 1820
1813 1815 1814
1814 1810 1813
1820 1997 2001
1818 1826 1827
1813 1825 1815
1814 1806 1816
1825 1826 1818
1824 1828 1823
1806 1835 1816
1787 1794 1816
1824 1822 1812
1834 1841 1831
1824 1823 1829
1824 1806 1822
1821 1817 1820
1824 1812 1909
1850 1867 1911
1815 1812 1822
2001 2002 2004
1826 1817 1821
1850 1818 1827
1820 1817 1811
1815 1822 1814
1843 1844 1839
1817 1826 1825
1815 1818 2009
1821 1819 1826
1815 1825 1818
1827 1826 1819
2018 1869 2013
1911 1909 1850
1850 1909 2009
1880 1877 1042
1829 1823 1834
1806 1829 1835
2104 2002 2003
1827 1819 1862
1903 1828 1896
1861 1722 2007
1829 1836 1835
1845 1836 1843
2004 1821 1820
2049 2050 2051
1823 1903 1841
1835 1836 1832
1836 1829 1834
1835 1832 1851
1834 1831 1836
1843 1836 1831
1792 2006 2104
2016 2018 2013
1895 1898 1891
1854 1857 1855
1831 1852 1844
1845 1839 1847
2011 2012 1846
2011 1833 1830
1823 1841 1834
1841 1853 1852
1853 1855 1842
1866 1861 1844
1844 1843 1831
1843 1839 1845
1857 1858 1859
1844 1859 1866
1839 2007 1847
1851 1805 1787
1837 1846 2014
1944 1911 1867
2008 1847 2007
1037 1782 1864
1832 1845 1848
1847 1848 1845
1779 1849 1782
1804 1849 1777
1863 1827 1862
1850 1827 1867
1835 1851 1816
1848 1851 1832
1841 1852 1831
1842 1844 1852
1855 1838 1854
1842 1852 1853
1882 1883 1878
1872 1875 1884
1838 1855 1853
1875 1857 1854
1873 1865 1871
1148 960 1870
1856 1858 1857
1859 1842 1857
1871 1870 1858
1859 1858 1860
1858 960 1860
1844 1842 1859
960 1026 1860
2010 1860 1026
1722 1861 1717
1839 1844 1861
1833 1837 1819
1862 1819 1837
1863 2013 1869
1912 1930 1932
1848 1864 1805
1037 1864 1847
1871 1856 1874
1877 1880 1865
1859 1860 1866
1866 1860 2010
1827 1863 1867
1867 1863 1944
1862 2013 1863
1878 1891 1890
1929 1930 1927
1869 1942 1944
1871 1858 1856
1870 1865 1887
1874 1873 1871
1865 1870 1871
1875 1874 1856
1882 1884 1875
1872 1876 1873
1881 1876 1038
1856 1857 1875
1872 1873 1874
1882 1875 1854
1872 1874 1875
1879 1876 1872
2022 1038 1933
1865 1873 1877
1876 1877 1873
1883 1882 1854
1879 1038 1876
1879 1884 1889
1914 1888 1894
1880 1042 1885
1886 1887 1880
1042 1877 1881
1876 1881 1877
1854 1838 1902
1882 1878 1884
1903 1896 1902
1904 1893 1896
1889 1884 1878
1879 1872 1884
1032 1885 1042
1044 1080 1885
1887 1886 1713
1885 1886 1880
1713 1148 1887
1887 1148 1870
1890 1888 1889
1888 1890 1894
1890 1889 1878
1889 1888 1913
1891 1878 1883
1891 1898 1899
1896 1893 1895
1883 1895 1891
1964 2065 2062
1916 1921 1910
1906 1931 1893
1900 1907 1899
1890 1891 1899
1907 1900 1920
1896 1895 1883
1893 1926 1898
1902 1896 1883
1896 1828 1904
1893 1904 1906
1918 1975 1976
1893 1898 1895
1898 1897 1899
1897 1928 1899
1894 1890 1899
1932 1930 1929
1824 1909 1828
1920 1943 1892
2060 2030 1982
1854 1902 1883
1903 1902 1838
1841 1903 1838
1903 1823 1828
1828 1905 1904
1904 1905 1906
1905 1828 1909
1905 1868 1906
1938 1945 1937
1931 1906 1935
1899 1907 1894
1907 1920 1940
1909 1812 2009
1962 1919 1940
1868 1905 1911
1083 2019 1085
1914 1910 1913
1910 1922 1934
1927 1928 1929
1909 1911 1905
1927 1900 1928
1889 1913 1879
1914 1913 1888
1917 1914 1919
1961 1916 1917
1915 1963 1965
2022 1088 1032
1917 1916 1914
1975 1921 1916
1919 1914 1894
1958 1959 1956
1958 1963 1957
1933 1923 1088
1907 1919 1894
1920 1892 1940
1946 1941 1943
1962 1957 1961
1975 1916 1915
1922 1921 1918
1922 1918 1923
1933 1934 1922
1900 1899 1928
1901 1950 1949
1945 1924 1937
1925 1929 1928
1928 1897 1925
1935 1906 1868
1930 1029 1953
1926 1897 1898
1926 1893 1931
1934 1933 1038
1925 1897 1926
1926 1931 1925
1932 1929 1925
1927 1946 1900
1937 1924 1936
1912 1029 1930
1938 1925 1931
1936 1912 1932
1038 1879 1934
1923 1933 1922
1910 1934 1879
1942 1935 1868
1931 1945 1938
1932 1938 1937
1937 1936 1932
1960 1951 1952
1925 1938 1932
1945 1931 1935
1869 1951 1942
1960 1935 1942
1940 1892 1962
1907 1940 1919
1944 1942 1868
1920 1946 1943
1809 1939 1951
1920 1900 1946
1948 1947 1901
1944 1868 1911
1869 1944 1863
1927 1953 1946
1945 1952 1924
1953 1954 1946
1958 1949 1959
1943 1941 1947
1892 1943 1948
1948 1949 1955
1901 1949 1948
1809 1951 1869
1892 1948 1955
1952 1951 1939
1924 1952 1939
1945 1935 1960
1930 1953 1927
1946 1954 1941
1958 1955 1949
1953 1029 1954
1957 1963 1961
1964 1966 1968
1965 1963 1966
1892 1955 1957
1957 1955 1958
1959 1949 1950
1958 1956 1963
1908 1971 1970
1959 1970 1971
1951 1960 1942
1945 1960 1952
1916 1961 1915
1962 1961 1917
1962 1917 1919
1892 1957 1962
1963 1956 1966
1961 1963 1915
2023 1959 1971
1981 1984 1007
1964 2061 1976
1975 1965 1976
1956 2023 1968
1965 1966 1964
2054 2038 2042
1984 2029 2027
1956 1968 1966
1967 2038 2065
1971 2037 2024
2078 1741 2032
2040 2043 1972
1959 1950 1970
1971 2024 2023
1969 2062 2065
2037 2025 2024
2024 2025 1967
2058 1974 2061
1981 1007 915
1921 1975 1918
1915 1965 1975
1964 1976 1965
1976 1974 2021
730 1977 731
1734 1977 729
1736 1978 1733
1978 1742 2101
727 1979 1682
1758 1979 1759
1005 1980 1723
2027 1980 1007
2020 1983 1085
1983 1984 1981
1982 2020 2021
2062 2059 2064
1085 2019 2020
1984 1983 1982
2058 2060 1974
1040 2027 1739
1770 1985 1637
1113 1985 1118
1989 1990 1987
1796 1988 1791
1987 1994 1995
958 1986 1988
1988 1986 1989
1990 1989 1802
1988 1989 1987
1990 1998 1992
1991 1792 1999
1987 1990 1992
1990 1802 1991
1999 1998 1991
1808 1993 1803
1994 1993 1801
1995 1994 1801
1987 1992 1994
1790 1995 1801
1988 1995 1791
2003 2002 2001
1803 1997 1820
1998 1997 1992
1999 2003 1996
1991 1998 1990
1997 1998 1996
1999 1792 2003
1998 1999 1996
2005 2035 1830
1830 2004 2002
1996 2001 1997
2003 2001 1996
2104 2005 2002
2004 1830 1833
1 2050 2048
2005 1830 2002
1821 2004 1833
1820 2001 2004
1792 2104 2003
1846 1837 2011
2000 2105 2006
1861 2007 1839
2008 2007 1722
2008 1722 1106
1037 1847 2008
1815 2009 1812
1818 1850 2009
1084 2010 1026
1866 2010 1717
2011 2035 2012
1840 2015 2017
2049 2005 2105
1862 2014 2013
2036 1846 2012
1837 2014 1862
2017 2015 2016
1846 2016 2014
2014 2016 2013
2016 2015 2018
2036 2016 1846
1840 2017 2036
2015 1809 2018
1869 2018 1809
1088 1923 2019
2019 1923 2020
1923 1918 2021
1982 1983 2020
1976 2021 1918
2021 1974 2060
1038 2022 1881
1088 2022 1933
1968 2023 1967
1959 2023 1956
2023 2024 1967
2037 1971 1908
2040 2042 2043
2041 2068 2045
2045 2028 2041
1007 1984 2027
2057 2059 2046
2090 2079 2086
2027 2029 2028
2030 2029 1984
2028 2029 2044
1982 2030 1984
2042 2040 2033
2047 2041 1741
2078 2032 2075
2072 1741 2046
2057 2046 2056
2069 1737 2066
2038 2054 1969
2052 2012 2051
2005 2049 2035
1830 2035 2011
2048 2049 2000
1840 2036 2012
2016 2036 2017
1908 1973 2037
2037 1973 2043
1967 2025 2038
2038 2025 2042
2081 2033 2080
2073 2032 2072
2077 2075 2082
2044 2030 2056
2028 1739 2027
2068 2041 2047
2043 2042 2025
2044 2029 2030
2037 2043 2025
1972 2043 1973
1739 2028 2045
1741 2044 2056
2041 2028 2044
1741 2041 2044
2068 2066 2045
2033 2063 2054
2068 2070 2069
2050 2049 2048
2012 2035 2051
1 2034 2050
2051 2050 2034
2052 1840 2012
2049 2051 2035
2080 2087 2086
2051 2034 2052
2087 2088 2071
2042 2033 2054
2033 2055 2063
2055 2074 2073
1741 2072 2032
2057 2056 2026
1741 2056 2046
2058 2057 2026
2061 2064 2058
2060 2058 2026
1974 1976 2061
2063 1969 2054
2055 2046 2059
2030 2060 2026
2060 1982 2021
2062 2061 1964
2057 2064 2059
2065 1964 1968
2059 2062 1969
2055 2059 2063
1969 2063 2059
2058 2064 2057
2062 2064 2061
1967 2065 1968
1969 2065 2038
2085 2078 2077
2068 2069 2066
2047 2085 2070
2101 1728 1745
2047 2070 2068
673 2069 2067
2039 2067 2070
2069 2070 2067
2046 2055 2072
2073 2075 2032
2073 2072 2055
2074 2055 2033
2074 2084 2082
2079 2084 2086
2081 2074 2033
2073 2074 2082
2078 2047 1741
2082 2075 2073
2053 2085 2077
2031 2077 2082
2075 2077 2078
2076 2084 2079
2085 2053 2039
2080 2033 2040
2053 2077 2031
2088 2040 1972
2074 2081 2084
2087 2071 2089
2076 2031 2082
0 2089 2071
2084 2081 2086
2076 2082 2084
2070 2085 2039
2078 2085 2047
2080 2086 2081
2090 2087 2089
2088 2087 2080
2089 0 2083
2040 2088 2080
2071 2088 1972
2090 2089 2083
2079 2090 2083
2087 2090 2086
2091 70 102
34 2091 75
312 2092 307
2092 195 353
273 2093 271
841 2093 266
511 2094 389
612 2094 610
603 2095 602
1612 2095 546
31 2096 2097
2097 1124 1128
2097 2096 2098
2098 1093 1226
2097 2098 1124
1660 2099 1147
1236 1177 2099
2102 2069 673
1728 2101 2100
2102 2101 1742
1742 1737 2102
2069 2102 1737
1106 2103 940
2010 2103 1717
2105 2104 2006
2049 2105 2000
2104 2105 2005
