13 33 14
18 32 37
43 15 14
11 50 12
37 32 25
34 15 43
25 32 65
24 46 73
93 63 90
50 42 12
34 43 67
106 55 105
54 32 17
10 35 11
7 52 46
16 34 54
10 9 58
13 42 33
66 33 42
47 69 24
146 105 76
38 65 64
48 5 53
19 18 37
49 83 71
46 24 39
45 51 20
51 21 20
91 93 90
65 54 64
17 32 18
48 53 75
46 39 8
81 43 33
42 13 12
8 7 46
4 23 41
34 16 15
44 22 21
69 58 39
45 19 37
107 56 77
17 16 54
61 79 36
58 70 35
19 45 20
39 9 8
49 23 22
48 6 5
44 83 49
72 50 35
76 42 50
14 33 43
67 43 81
83 84 86
23 49 41
68 25 57
51 61 85
52 7 6
46 52 73
70 58 69
39 58 9
53 5 4
100 41 90
22 44 49
61 36 85
11 35 50
70 30 78
61 51 45
44 21 51
6 48 52
73 74 62
4 41 53
53 100 75
76 105 55
54 34 64
112 99 111
77 33 66
123 77 55
59 86 164
37 68 45
35 10 58
122 104 121
60 78 108
146 108 109
61 45 68
251 85 36
49 71 41
52 74 73
91 92 89
113 67 112
27 38 64
25 65 38
32 54 65
50 72 76
77 66 55
99 67 56
113 64 34
25 68 37
61 68 57
24 69 39
69 47 70
47 30 70
98 109 108
59 92 91
100 63 75
78 35 70
72 60 76
74 52 48
24 73 62
122 48 75
94 62 74
104 75 63
122 74 48
55 66 76
76 66 42
123 107 77
77 56 81
60 72 78
78 72 35
31 162 208
61 57 79
83 86 59
77 81 33
56 67 81
84 83 44
82 99 110
59 71 83
44 51 85
84 80 86
80 84 85
85 84 44
251 87 208
80 251 208
80 208 164
172 165 170
170 165 161
114 89 92
129 101 114
89 116 115
41 71 90
91 90 71
59 91 71
91 89 93
59 88 92
114 92 138
115 93 89
120 29 95
134 144 145
74 40 94
104 119 120
149 155 151
134 137 144
224 158 157
127 110 99
30 98 108
112 111 27
41 100 53
63 100 90
187 143 141
117 115 118
177 165 175
118 133 140
63 93 119
115 117 119
104 63 119
122 121 40
146 76 60
106 105 96
137 134 136
106 97 123
127 128 110
110 126 82
30 108 78
28 134 124
109 124 134
145 146 109
127 99 56
107 97 223
113 27 64
99 82 111
67 99 112
67 113 34
27 113 112
138 92 88
166 171 141
116 89 114
116 118 115
101 211 114
193 142 143
133 131 132
117 103 119
140 130 117
29 130 132
119 93 115
119 103 120
120 103 130
95 104 120
74 122 40
104 95 121
75 104 122
106 123 55
97 107 123
150 160 106
109 98 124
148 150 159
56 107 127
110 26 126
128 127 107
154 156 155
225 128 221
88 162 161
138 161 129
120 130 29
117 130 103
132 140 133
131 29 132
133 166 143
102 131 142
169 125 215
96 145 144
134 28 136
136 135 137
137 169 151
161 138 88
114 138 129
197 185 182
162 170 161
130 140 132
118 140 117
116 210 118
139 173 163
131 133 142
143 142 133
166 133 118
166 141 143
144 137 148
96 144 159
146 145 96
134 145 109
105 146 96
146 60 108
152 254 216
149 214 155
137 135 169
150 148 147
152 232 156
147 148 151
155 147 151
106 96 159
137 151 148
259 253 220
223 221 128
147 155 156
215 218 214
224 157 226
156 154 254
225 26 110
150 147 158
258 218 256
236 225 221
147 156 158
239 236 227
232 158 156
224 160 158
148 159 144
106 159 150
106 160 97
150 158 160
88 164 162
161 165 129
164 208 162
162 31 170
172 170 168
129 165 177
59 164 88
164 86 80
211 171 210
175 165 172
118 210 166
219 188 179
186 141 171
173 172 163
187 193 143
125 169 135
151 169 149
172 168 163
170 31 168
142 193 102
172 173 175
174 176 179
189 185 188
173 139 176
176 175 173
177 101 129
186 183 199
176 174 184
175 184 177
197 184 185
139 179 176
139 178 179
181 212 180
219 178 213
178 3 213
195 189 194
171 190 186
182 185 189
183 182 196
204 203 205
176 184 175
185 184 174
188 185 174
197 186 190
211 190 171
196 167 202
182 183 186
204 198 203
179 188 174
188 181 189
194 189 181
189 195 196
101 177 190
177 184 197
189 196 182
200 198 202
199 198 187
204 187 198
192 102 193
181 180 194
195 167 196
198 199 183
194 180 195
202 183 196
186 197 182
177 197 190
199 187 141
202 167 200
186 199 141
203 198 191
205 206 192
191 198 200
204 205 207
198 183 202
203 201 205
203 191 201
206 201 2
193 187 204
207 205 192
192 193 207
201 206 205
204 207 193
216 254 255
31 208 87
214 218 258
211 210 116
166 210 171
114 211 116
211 101 190
181 219 212
181 188 219
3 212 213
155 214 154
215 214 149
169 215 149
252 260 255
259 252 255
215 217 218
215 125 217
256 217 209
178 219 179
212 219 213
256 218 217
226 223 224
230 232 234
237 236 231
233 242 234
221 223 226
107 223 128
224 223 97
160 224 97
237 26 225
229 228 227
226 229 236
236 239 231
230 229 226
110 128 225
230 228 229
234 152 233
230 226 157
228 234 242
157 232 230
152 234 232
227 228 240
226 236 221
232 157 158
233 216 244
244 243 245
242 240 228
242 245 241
228 230 234
242 241 240
250 240 248
227 236 229
238 248 247
236 237 225
222 250 249
233 245 242
227 222 239
248 240 241
244 245 233
247 0 238
244 153 243
245 235 241
216 233 152
216 260 244
235 245 243
241 246 247
241 235 246
0 247 246
247 248 241
250 222 227
240 250 227
248 238 249
248 249 250
85 251 80
36 87 251
258 261 259
260 153 244
257 256 209
156 254 152
254 154 255
154 214 258
261 258 256
261 257 253
253 259 261
253 257 1
154 258 255
252 259 220
255 258 259
255 260 216
153 260 252
257 261 256
