66 68 61
40 38 50
66 61 65
74 76 67
475 53 46
15 61 60
38 17 44
576 900 556
572 538 575
319 320 213
105 63 90
125 128 107
45 47 46
321 316 213
660 659 644
51 48 50
251 296 241
80 76 78
76 80 33
875 874 351
77 114 101
17 45 44
466 556 900
38 42 18
117 56 85
306 309 220
117 119 56
93 54 57
581 580 574
38 18 17
40 42 38
489 506 512
241 296 238
62 69 123
13 75 74
317 347 262
512 889 23
46 39 45
119 21 476
623 621 612
19 42 43
107 130 99
50 38 51
158 83 84
54 93 56
43 54 19
39 46 53
478 40 50
40 37 42
67 66 14
40 41 108
43 42 37
19 18 42
103 84 58
20 19 54
45 17 16
47 34 46
45 16 47
39 44 45
48 51 52
82 48 52
15 60 59
60 47 59
34 62 123
477 82 64
32 467 469
51 38 44
50 48 478
44 39 51
52 51 39
53 52 39
467 52 49
475 46 34
52 53 49
58 43 37
20 54 56
20 476 21
54 43 57
58 83 57
117 85 118
108 479 103
58 57 43
109 55 84
93 83 85
65 14 66
47 16 59
60 61 62
69 62 61
60 62 47
33 70 68
34 47 62
63 69 70
105 122 63
25 41 477
82 477 478
66 67 68
61 15 65
13 74 73
74 67 73
67 33 68
70 69 68
69 63 123
61 68 69
98 33 100
63 70 90
58 84 83
481 116 480
93 85 56
86 12 87
67 14 73
74 75 76
88 79 89
193 205 151
78 76 75
33 67 76
77 78 79
99 146 97
78 75 89
78 77 80
87 75 86
88 95 862
81 90 97
112 149 96
70 33 98
100 91 98
467 82 52
92 64 82
103 58 37
83 72 85
109 103 479
55 144 158
104 116 94
85 72 104
88 87 12
75 13 86
78 89 79
12 11 88
321 320 11
75 87 89
88 89 87
80 100 33
112 105 90
102 100 101
145 112 81
887 486 507
82 32 92
83 93 57
487 22 21
184 186 199
183 153 185
96 105 112
471 27 468
98 90 70
99 97 91
91 97 98
98 97 90
91 100 102
136 139 127
77 101 80
100 80 101
77 124 114
102 107 91
125 102 126
99 91 107
37 108 103
41 25 479
116 143 144
118 111 117
112 90 81
105 96 113
862 124 79
135 131 132
114 152 101
102 125 107
40 108 37
479 108 41
55 109 71
84 103 109
120 111 118
144 143 72
556 527 557
146 121 145
145 149 112
858 474 860
34 113 473
124 77 79
153 154 152
129 115 132
130 159 148
72 143 104
481 480 36
118 85 104
111 492 117
104 94 118
118 94 886
492 490 119
21 119 487
94 116 481
488 506 489
128 130 107
147 847 849
105 113 122
123 113 34
63 122 123
123 122 113
124 862 151
114 124 205
126 102 101
129 128 125
106 152 114
125 126 155
127 128 129
136 127 129
129 125 115
128 127 130
125 155 115
136 132 137
159 139 150
99 148 146
131 135 141
172 140 164
115 155 135
132 131 137
126 152 154
187 183 185
156 141 142
211 139 237
115 135 132
133 170 141
132 136 129
139 136 134
137 131 156
136 137 134
142 138 160
140 134 137
172 176 140
835 150 836
140 156 142
164 140 142
133 141 135
141 138 142
160 163 157
164 160 165
158 144 72
116 104 143
55 110 144
116 144 110
146 145 81
843 147 837
97 146 81
99 130 148
842 847 850
846 147 149
130 127 159
121 146 148
846 145 121
837 147 121
211 247 139
148 150 835
221 274 200
151 200 193
152 106 153
101 152 126
186 184 185
194 166 170
153 133 154
133 135 155
126 154 155
133 155 154
137 156 140
141 156 131
227 190 209
180 330 181
83 158 72
55 158 84
139 159 127
148 159 150
166 163 160
160 157 165
163 166 161
253 312 178
184 199 207
176 134 140
166 160 138
265 266 263
160 164 142
173 172 164
228 157 226
164 165 162
170 138 141
166 138 170
257 256 234
162 165 201
172 173 168
191 168 181
215 304 222
30 297 324
153 183 133
170 133 183
197 190 161
322 238 296
173 164 162
168 174 176
224 299 179
173 162 177
168 180 181
174 191 188
201 178 162
180 168 173
168 176 172
134 176 174
178 177 162
326 289 325
157 201 165
163 227 226
201 243 178
188 191 210
354 173 177
243 224 253
306 216 309
174 168 191
167 200 206
244 28 225
186 185 153
187 194 183
207 167 255
283 195 187
186 153 106
184 187 185
193 106 205
193 186 106
196 864 197
194 195 166
197 161 195
157 163 226
234 865 225
167 189 200
207 199 189
212 371 214
384 390 363
211 174 188
210 235 202
438 440 436
151 221 200
186 193 199
183 194 170
195 194 187
197 195 283
166 195 161
280 283 184
223 255 167
198 245 244
864 190 197
215 223 304
191 171 210
230 228 209
167 206 240
151 862 221
189 193 200
157 228 201
211 188 202
191 181 171
139 247 838
297 307 240
339 293 250
216 262 348
303 295 290
114 205 106
151 205 124
324 241 238
307 167 240
199 193 189
207 189 167
232 229 286
300 369 362
202 188 210
270 269 264
248 247 211
139 134 237
218 249 867
319 213 35
212 361 364
304 307 217
332 356 355
253 273 204
869 9 8
366 336 337
179 253 224
303 214 308
167 307 223
218 203 249
368 246 192
343 346 192
192 268 343
279 215 277
261 250 235
203 235 250
95 35 221
35 251 274
245 863 244
307 297 217
280 279 277
279 280 278
219 313 378
179 303 273
230 232 228
233 231 190
227 163 161
228 226 209
190 227 161
209 226 227
231 229 230
228 232 252
229 231 256
256 257 284
231 230 209
232 230 229
190 231 209
233 865 234
257 260 284
224 243 252
190 198 233
198 244 865
208 257 866
234 231 233
312 177 178
203 202 235
249 203 250
839 218 867
134 174 237
174 211 237
347 348 262
263 271 270
210 266 265
264 267 270
241 240 206
281 282 245
206 251 241
251 35 220
242 282 222
198 864 245
252 243 201
263 291 271
863 28 244
248 218 236
202 203 248
248 211 202
236 836 838
178 243 253
236 247 248
324 323 30
250 293 249
265 235 210
203 218 248
274 251 206
216 306 262
228 252 201
224 252 232
299 224 288
212 214 290
307 304 223
297 240 241
215 279 223
184 207 278
231 234 256
234 866 257
288 232 286
259 260 257
298 182 325
259 258 260
257 208 259
256 284 229
835 121 148
261 267 264
263 270 267
246 867 192
265 267 235
268 293 339
339 250 261
266 210 171
267 265 263
239 305 271
266 294 291
291 263 266
235 267 261
293 268 192
293 192 867
378 366 367
192 346 368
175 451 446
344 264 336
305 239 175
295 303 179
336 264 269
350 216 348
371 212 364
270 271 269
200 274 206
35 274 221
322 309 301
251 220 296
179 299 295
303 308 273
281 196 280
207 255 278
279 278 255
223 279 255
281 280 277
283 280 196
278 280 184
282 281 277
281 245 864
282 277 215
245 282 242
197 283 196
184 283 187
284 260 287
229 284 286
289 287 260
355 330 332
287 286 284
232 288 224
260 258 289
286 287 285
286 285 288
299 288 285
329 325 328
285 287 289
289 326 285
300 290 295
253 179 273
171 181 355
213 262 306
306 35 213
291 239 271
316 10 317
300 362 290
410 214 371
239 291 356
871 870 271
35 306 220
868 275 301
254 217 169
297 169 217
300 299 285
289 258 298
300 295 299
10 316 321
298 325 289
331 357 311
356 291 294
290 214 303
282 215 222
171 294 266
304 217 254
297 30 169
254 222 304
204 273 308
275 238 322
315 261 264
301 309 216
312 331 354
333 253 204
220 309 296
334 357 333
313 335 314
363 390 407
412 393 395
330 180 354
345 335 338
271 870 269
272 340 345
344 336 314
343 342 341
317 10 9
262 213 316
869 347 9
262 316 317
911 7 910
872 292 868
35 95 319
320 95 88
95 320 319
88 11 320
309 322 296
320 321 213
275 322 301
241 324 297
238 275 323
323 324 238
325 329 369
327 353 329
353 360 310
285 326 300
328 327 329
325 182 328
362 329 361
180 173 354
330 311 332
333 312 253
311 330 331
457 311 451
356 175 239
204 881 333
331 312 333
308 424 434
424 308 410
379 367 337
338 313 219
337 336 269
338 335 313
366 378 313
313 314 366
343 341 346
344 345 315
261 315 339
268 339 315
268 315 340
344 315 264
340 343 268
343 340 342
340 272 342
314 335 344
345 338 272
315 345 340
335 345 344
341 26 346
847 147 844
9 347 317
347 318 348
351 348 318
350 348 351
869 932 318
872 873 292
349 350 874
875 351 352
352 351 318
873 350 349
576 562 605
874 350 351
373 389 384
362 361 212
312 354 177
330 354 331
171 355 294
330 355 181
355 356 294
356 332 457
333 357 331
463 357 334
849 852 853
386 378 367
855 843 840
329 353 361
353 327 360
363 374 370
290 362 212
300 326 369
353 310 370
377 373 384
374 361 353
407 400 404
408 404 422
434 204 308
336 366 314
358 378 386
379 381 367
391 392 372
26 368 346
844 855 851
325 369 326
329 362 369
384 370 377
374 363 364
411 363 407
409 410 371
269 870 337
382 381 379
361 374 364
1 385 389
353 370 374
458 459 418
367 366 337
387 219 378
1 389 373
370 310 377
870 379 337
379 375 382
420 419 394
392 395 372
445 396 382
386 391 358
444 445 305
396 388 382
458 461 454
381 388 397
390 400 407
363 370 384
390 384 389
367 381 386
396 880 388
388 880 394
378 358 387
393 372 395
399 385 376
399 389 385
390 399 400
403 386 381
392 391 386
382 388 381
386 403 392
413 405 412
421 402 415
393 412 414
445 382 375
380 398 880
394 397 388
395 392 397
437 431 435
427 425 420
400 399 376
389 399 390
302 404 401
401 404 400
381 397 403
400 376 401
413 415 405
392 403 397
406 422 423
408 409 411
395 397 413
414 416 0
433 417 882
406 365 408
408 407 404
409 371 411
422 404 302
409 408 365
410 409 365
371 364 411
429 424 410
410 308 214
363 411 364
408 411 407
413 412 395
414 412 405
394 419 397
405 415 402
413 419 415
416 414 405
419 420 415
424 429 418
405 402 416
433 882 455
397 419 413
431 442 426
880 420 394
428 431 426
435 420 398
423 417 433
425 415 420
408 422 406
429 410 365
422 302 423
424 418 430
383 421 425
415 425 421
431 427 435
425 427 383
428 383 427
365 432 429
431 428 427
432 406 433
452 436 440
430 464 881
437 438 436
884 442 431
365 406 432
406 423 433
456 441 276
432 433 455
424 430 434
434 430 881
420 435 427
438 437 435
380 444 440
443 426 442
438 435 398
436 883 884
398 380 438
440 438 380
452 454 883
450 461 448
444 305 446
444 446 453
449 276 443
429 448 418
884 431 437
449 443 442
445 444 380
449 442 439
446 305 175
396 445 380
445 375 871
356 457 175
459 460 464
452 453 462
451 885 446
455 448 429
450 448 882
450 449 439
276 449 456
883 454 439
455 882 448
463 311 357
460 463 464
453 452 440
452 447 454
444 453 440
460 462 885
458 454 447
439 454 450
432 455 429
441 882 417
450 882 456
449 450 456
311 457 332
451 175 457
459 458 447
461 418 448
459 447 460
418 459 430
462 460 447
463 460 451
454 461 450
418 461 458
452 462 447
885 453 446
311 463 451
464 463 334
881 464 334
459 464 430
643 644 649
908 909 668
487 489 22
491 499 488
471 468 470
82 467 32
467 49 470
468 469 470
470 469 467
472 471 470
472 470 49
472 474 471
49 473 472
472 473 474
49 53 475
96 860 113
113 474 473
147 849 149
34 473 475
49 475 473
20 56 476
119 476 56
478 477 41
64 25 477
478 41 40
82 478 48
25 71 479
109 479 71
496 494 495
116 110 480
483 886 481
485 486 887
496 886 483
36 484 485
498 502 515
481 36 485
485 484 486
508 486 513
502 501 496
490 487 119
490 489 487
491 488 490
495 493 120
488 500 506
23 22 888
490 492 491
489 490 488
120 493 111
493 491 111
117 492 119
111 491 492
120 496 495
495 497 493
496 501 494
493 497 499
120 886 496
494 509 495
507 483 887
486 508 502
501 504 494
499 500 488
524 517 523
497 509 505
493 499 491
500 499 497
505 509 504
518 533 535
483 507 496
546 549 498
484 513 486
498 501 502
498 515 522
510 533 518
549 501 498
504 503 505
505 503 518
505 535 541
519 506 500
512 23 888
486 502 507
496 507 502
522 515 516
502 508 515
495 509 497
504 509 494
544 517 524
527 506 519
890 526 534
511 526 890
542 506 527
900 889 466
484 482 513
482 508 513
691 695 678
508 520 516
515 508 516
31 521 529
528 516 520
546 498 517
544 546 517
543 531 518
526 533 534
540 541 535
527 519 511
528 520 514
482 520 508
522 523 517
523 522 516
498 522 517
528 523 516
524 523 521
530 673 632
518 531 510
547 532 544
554 630 525
519 540 511
500 540 519
556 557 553
527 466 542
529 528 514
523 528 521
679 686 694
528 529 521
548 532 547
543 518 503
551 550 531
689 941 710
543 525 531
534 533 510
535 533 526
537 534 510
539 890 537
535 526 540
518 535 505
550 537 510
537 538 536
550 510 531
537 536 539
543 554 525
570 569 563
539 561 559
466 527 556
540 500 541
511 540 526
500 497 541
505 541 497
466 512 542
506 542 512
503 549 555
543 555 554
524 941 547
544 532 546
665 631 617
600 594 598
555 546 532
504 549 503
524 547 544
548 547 545
898 596 598
551 552 538
549 504 501
549 546 555
551 531 525
537 550 538
552 551 525
538 550 551
648 650 548
583 579 584
553 557 559
576 556 553
532 548 554
630 548 626
554 555 532
555 543 503
557 527 511
564 562 553
890 557 511
559 557 539
559 564 553
891 577 605
539 563 561
559 565 564
536 570 563
4 623 899
563 539 536
565 561 560
891 564 567
558 574 580
572 570 536
560 561 563
565 559 561
558 577 891
571 565 560
565 574 567
575 552 608
582 465 581
613 605 577
558 567 574
569 560 563
593 892 589
566 578 604
573 571 560
572 536 538
569 570 566
573 560 569
574 565 571
575 538 552
570 572 588
573 569 604
581 574 571
589 558 580
579 586 584
566 588 590
570 588 566
562 891 605
565 567 564
581 571 582
587 586 579
588 585 590
576 553 562
597 609 595
642 610 619
582 571 573
893 895 615
465 580 581
583 582 573
584 582 583
604 583 573
578 609 597
572 575 588
465 582 584
566 590 609
593 589 580
580 465 593
895 591 615
791 793 680
587 893 586
594 603 597
592 577 558
902 903 901
595 590 585
594 595 598
592 589 614
586 593 465
465 584 586
592 558 589
616 592 614
608 552 625
588 575 585
898 598 595
600 602 594
595 594 597
585 575 608
636 633 596
602 603 594
578 597 610
898 595 585
596 633 600
636 629 634
642 579 583
596 600 598
611 675 681
599 600 633
611 733 680
599 602 600
682 599 654
879 937 878
578 610 583
566 604 569
583 604 578
577 897 613
576 605 621
667 620 643
612 659 660
624 568 672
614 901 616
626 617 625
585 608 618
566 609 578
595 609 590
597 603 610
610 603 619
665 632 906
683 724 676
605 622 621
622 659 612
897 577 592
621 622 612
614 589 892
902 615 903
615 892 893
904 645 616
607 568 624
606 613 897
632 674 661
627 629 618
627 608 625
631 627 617
602 675 603
696 603 675
666 685 674
667 670 669
622 605 613
612 899 623
606 905 613
645 646 606
4 23 889
621 623 900
902 901 614
616 645 606
626 625 552
627 625 617
630 552 525
626 548 650
631 629 627
608 627 618
626 650 617
640 636 634
634 629 628
596 618 629
548 630 554
552 630 626
617 650 665
628 629 631
673 530 664
692 686 678
652 633 636
641 727 655
906 631 665
651 634 628
661 628 906
640 635 652
530 632 665
629 636 596
636 640 652
648 545 688
639 640 634
649 667 643
656 635 655
611 681 697
639 634 651
641 655 639
635 640 639
652 654 633
610 642 583
814 642 619
677 698 657
619 603 696
568 671 672
643 668 644
942 545 941
645 624 672
736 737 689
908 7 6
663 647 669
649 905 646
877 878 940
713 695 715
659 649 644
649 659 905
648 548 545
650 648 530
684 706 707
655 635 639
651 628 661
633 654 599
657 652 635
657 635 656
658 677 699
907 639 651
656 655 653
706 702 916
670 671 663
733 611 731
654 652 657
620 667 669
643 620 935
659 622 905
909 660 644
6 5 660
660 5 899
639 907 641
632 673 674
658 699 703
717 687 715
710 524 521
530 665 650
666 673 664
667 649 646
657 656 677
681 912 682
934 937 879
646 670 667
668 910 908
646 645 672
936 669 647
669 670 663
646 672 670
672 671 670
901 607 904
530 648 688
673 666 674
691 678 685
661 674 679
912 602 599
675 611 680
683 682 654
658 703 708
700 699 677
698 677 722
678 714 692
711 907 679
686 674 685
679 674 686
731 611 697
680 733 791
675 602 912
697 681 676
698 654 657
681 682 676
709 722 708
676 682 683
684 699 700
776 773 820
717 691 915
685 678 686
720 915 664
692 694 686
715 638 713
941 689 942
530 688 664
746 662 914
747 664 942
741 704 916
711 641 907
915 685 666
695 713 714
678 695 714
692 690 694
729 739 738
713 719 757
739 712 738
711 712 641
695 717 715
715 687 638
675 680 696
619 696 680
683 722 709
724 743 676
722 677 658
654 698 683
700 677 656
824 819 818
653 702 656
700 656 702
775 819 815
824 818 701
712 728 727
706 684 700
684 703 699
753 701 745
727 728 653
739 729 812
753 705 708
732 752 788
702 706 700
707 706 704
827 924 926
933 708 703
637 831 833
708 705 709
735 725 705
683 709 724
521 31 710
736 31 726
679 694 711
712 711 694
758 760 802
653 728 702
718 719 713
719 716 730
717 695 691
690 692 714
915 720 717
718 716 719
662 687 913
730 716 693
713 638 718
755 757 719
688 942 664
746 914 737
770 772 771
744 766 752
698 722 683
708 722 658
723 725 735
752 732 750
709 725 724
743 725 723
705 725 709
723 732 743
655 727 653
710 736 689
641 712 727
694 738 712
741 728 739
804 809 729
812 809 811
760 749 762
719 730 755
732 731 697
768 922 795
732 697 743
732 723 750
813 734 817
814 579 642
744 801 766
766 796 752
753 708 933
750 742 744
31 736 710
737 736 726
914 662 913
747 720 664
694 690 738
918 748 756
917 729 738
712 739 728
758 756 760
728 741 916
714 757 690
730 693 749
811 926 925
749 760 756
676 743 697
725 743 724
735 769 770
601 721 766
762 749 761
723 742 750
689 737 747
737 726 746
747 737 914
730 749 756
756 758 918
759 785 762
756 748 755
771 723 735
752 750 744
769 753 745
783 742 772
3 785 759
787 789 733
579 814 794
767 787 788
819 754 815
769 735 705
756 755 730
757 755 748
800 801 783
803 805 808
690 757 748
757 714 713
758 729 917
761 759 762
804 758 802
749 693 761
785 3 764
762 786 760
786 762 785
787 733 731
783 772 782
767 797 790
790 721 734
813 790 734
587 919 795
753 769 705
770 769 745
776 770 774
742 771 772
723 771 742
735 770 771
774 770 745
781 751 782
774 777 773
781 772 776
777 745 775
776 774 773
818 745 701
798 778 779
799 820 773
770 776 772
745 777 774
818 819 775
775 779 777
779 773 777
943 921 780
773 779 799
820 943 781
943 820 921
782 751 765
782 765 783
772 781 782
801 800 601
744 742 783
803 802 760
741 812 811
763 785 764
763 805 785
802 803 784
788 787 731
789 787 767
732 788 731
788 752 796
767 790 789
789 790 813
767 796 797
922 817 792
791 768 793
733 789 791
922 923 795
789 813 791
793 768 794
619 680 793
795 794 768
579 794 919
922 813 817
587 931 896
797 766 721
788 796 767
766 797 796
721 790 797
779 778 799
815 779 775
921 2 780
766 801 601
783 765 800
744 783 801
803 760 786
804 802 784
786 805 803
806 808 805
807 826 823
758 804 729
785 805 786
808 784 803
810 808 740
805 763 806
822 811 809
806 740 808
745 818 775
821 804 784
804 821 809
834 827 832
784 808 810
809 821 822
741 811 925
739 812 741
729 809 812
768 791 813
619 793 814
794 814 793
754 798 815
779 815 798
828 824 829
825 754 819
928 684 707
828 829 816
927 830 824
820 799 921
776 820 781
784 810 821
821 810 822
826 810 823
822 826 827
829 833 831
810 740 823
827 826 807
828 819 824
810 826 822
834 832 637
704 924 707
816 825 828
819 828 825
829 824 830
831 816 829
824 701 927
707 830 928
830 707 833
833 829 830
827 807 832
707 924 834
637 833 834
707 834 833
150 838 836
835 836 837
236 839 836
835 837 121
840 836 839
836 840 837
139 838 150
236 838 247
218 839 236
839 246 840
246 841 840
837 840 843
368 841 246
861 859 27
145 846 149
113 860 474
855 840 841
842 850 359
847 844 850
843 844 147
853 96 149
857 851 856
121 147 846
929 851 848
849 847 842
857 848 851
929 359 850
849 842 852
149 849 853
851 850 844
861 474 858
851 855 856
854 845 859
854 852 842
842 359 854
853 852 858
359 845 854
843 855 844
856 855 841
841 368 856
857 368 26
368 857 856
26 848 857
852 854 859
471 861 27
27 859 845
852 859 858
96 853 860
858 860 853
474 861 471
859 861 858
88 862 79
221 862 95
864 198 190
245 242 863
281 864 196
198 865 233
225 865 244
867 246 839
234 225 866
293 867 249
8 911 932
872 868 301
347 869 318
871 271 305
379 870 375
445 871 305
375 870 871
216 872 301
872 216 350
350 873 872
876 349 874
875 878 877
874 877 876
878 875 352
877 874 875
24 876 877
352 879 878
938 930 937
932 911 352
937 934 938
380 880 396
420 880 398
333 881 334
434 881 204
441 456 882
439 442 884
452 883 436
436 884 437
439 884 883
460 885 451
453 885 462
118 886 120
481 886 94
483 481 887
485 887 481
22 489 888
512 888 489
466 889 512
623 4 889
537 890 534
557 890 539
564 891 562
558 891 567
893 892 593
892 615 902
586 893 593
895 896 894
896 893 587
893 896 895
591 895 894
931 587 795
894 896 931
592 616 897
606 897 616
585 618 898
596 898 618
660 899 612
4 899 5
621 900 576
889 900 623
892 902 614
904 607 624
903 615 591
591 607 903
607 901 903
645 904 624
616 901 904
613 905 622
646 905 606
631 906 628
632 661 906
651 661 907
679 907 661
6 660 909
668 934 910
668 909 644
6 909 908
911 910 879
7 908 910
352 911 879
7 911 8
682 912 599
675 912 681
687 717 913
720 913 717
913 720 914
747 914 720
685 915 691
664 915 666
706 916 704
728 916 702
738 690 917
918 690 748
758 917 918
690 918 917
579 919 587
794 795 919
799 920 921
799 778 920
2 921 920
813 922 768
923 29 931
925 924 704
922 792 923
834 924 827
741 925 704
926 811 822
827 926 822
924 925 926
933 701 753
928 703 684
830 927 928
928 927 933
939 930 938
851 929 850
877 940 24
923 931 795
894 931 29
318 932 352
8 932 869
928 933 703
701 933 927
910 934 879
935 934 668
643 935 668
936 935 620
669 936 620
934 935 938
935 936 938
940 930 24
938 936 939
878 937 940
936 647 939
930 940 937
547 941 545
710 941 524
747 942 689
545 942 688
780 751 943
781 943 751
